-582.7581122213361
-573.41527117381
-564.1696527064742
-555.0213507879661
-545.9704639785531
-537.0170957096555
-528.1613545843218
-519.4033547005732
-510.743215999751
-502.1810646422357
-493.7170334131857
-485.3512621612495
-477.0838982735603
-468.9150971907293
-460.8450229660138
-452.8738488733735
-445.0017580697405
-437.228944317542
-429.5556127743377
-421.9819808573962
-414.5082791921556
-407.1347526548274
-399.8616615209536
-392.6892827335507
-385.6179113066465
-378.6478618825983
-371.7794704646732
-365.0130963500943
-358.3491242932517
-351.7879669342457
-345.3300675346125
-338.9759030703025
-332.7259877421553
-326.5808769767964
-320.5411720068006
-314.6075251391144
-308.7806458464349
-303.0613078493466
-297.4503574000667
-291.9487230352179
-286.5574271402679
-281.2775997695381
-276.1104953039277
-271.05751272012
-266.1202205151658
-261.3003877183936
-256.6000229919646
-252.0214246770242
-247.5672459636115
-243.2405814703303
-239.0450849794145
-234.9851343246661
-231.0660680074724
-227.2945612838497
-223.6790681563309
-220.2318193454867
-216.9637982593494
-213.9315710242742
-211.0204915076046
-208.9406274111172
-205.6416300950142
-205.1842783478061
-199.9942342278004
-199.9710232847413
-193.6271619214488
-193.6265890660119
-186.6081076807169
-186.6080988087434
-179.0373263466382
-179.0373262540663
-170.9772302712501
-170.97723027058
-162.4688631747919
-162.4688631747885
-153.5413712201812
-153.5413712201812
-144.2165593025232
-144.2165593025232
-134.5113503992842
-134.5113503992842
-124.4392421826104
-124.4392421826104
-114.0112301640209
-114.0112301640209
-103.2364236702708
-103.2364236702708
-92.12247388642845
-80.67588123889156
-68.90222220476055
-56.80632052793432
-44.39237900239735
-31.66408261502917
-18.62468045521362
-5.277051597691176
8.376241304504278
22.33290798484897
36.59089405500816
51.14835049130014
66.00360794459204
81.15515496716978
96.60161944734389