-28.78317589218388
-28.78141118630153
-28.77964648041917
-28.77788177453682
-28.77611706865447
-28.77435236277212
-28.77258765688976
-28.77082295100741
-28.76905824512506
-28.7672935392427
-28.76552883336035
-28.763764127478
-28.76199942159564
-28.76023471571329
-28.75847000983094
-28.75670530394859
-28.75494059806623
-28.75317589218388
-28.75141118630153
-28.74964648041917
-28.74788177453682
-28.74611706865447
-28.74435236277212
-28.74258765688976
-28.74082295100741
-28.73905824512506
-28.7372935392427
-28.73552883336035
-28.733764127478
-28.73199942159564
-28.73023471571329
-28.72847000983094
-28.72670530394859
-28.72494059806623
-28.72317589218388
-28.72317589218388
-28.72141118630153
-28.71964648041917
-28.71788177453682
-28.71611706865447
-28.71435236277212
-28.71258765688976
-28.71082295100741
-28.70905824512506
-28.7072935392427
-28.70552883336035
-28.703764127478
-28.70199942159564
-28.70023471571329
-28.69847000983094
-28.69670530394859
-28.69494059806623
-28.69317589218388
-28.69141118630153
-28.68964648041917
-28.68788177453682
-28.68611706865447
-28.68435236277212
-28.68258765688976
-28.68082295100741
-28.67905824512506
-28.6772935392427
-28.67552883336035
-28.673764127478
-28.67199942159564
-28.67023471571329
-28.66847000983094
-28.66670530394859
-28.66494059806623
-28.66317589218388