-28.72917589218388
-28.72899942159564
-28.72882295100741
-28.72864648041917
-28.72847000983094
-28.7282935392427
-28.72811706865447
-28.72794059806623
-28.727764127478
-28.72758765688976
-28.72741118630153
-28.72723471571329
-28.72705824512506
-28.72688177453682
-28.72670530394859
-28.72652883336035
-28.72635236277212
-28.72617589218388
-28.72599942159564
-28.72582295100741
-28.72564648041917
-28.72547000983094
-28.7252935392427
-28.72511706865447
-28.72494059806623
-28.724764127478
-28.72458765688976
-28.72441118630153
-28.72423471571329
-28.72405824512506
-28.72388177453682
-28.72370530394859
-28.72352883336035
-28.72335236277212
-28.72317589218388
-28.72317589218388
-28.72299942159564
-28.72282295100741
-28.72264648041917
-28.72247000983094
-28.7222935392427
-28.72211706865447
-28.72194059806623
-28.721764127478
-28.72158765688976
-28.72141118630153
-28.72123471571329
-28.72105824512506
-28.72088177453682
-28.72070530394859
-28.72052883336035
-28.72035236277212
-28.72017589218388
-28.71999942159564
-28.71982295100741
-28.71964648041917
-28.71947000983094
-28.7192935392427
-28.71911706865447
-28.71894059806623
-28.718764127478
-28.71858765688976
-28.71841118630153
-28.71823471571329
-28.71805824512506
-28.71788177453682
-28.71770530394859
-28.71752883336035
-28.71735236277212
-28.71717589218388