-28.72329589218388
-28.72329236277212
-28.72328883336035
-28.72328530394859
-28.72328177453682
-28.72327824512506
-28.72327471571329
-28.72327118630153
-28.72326765688976
-28.723264127478
-28.72326059806623
-28.72325706865447
-28.7232535392427
-28.72325000983094
-28.72324648041917
-28.72324295100741
-28.72323942159564
-28.72323589218388
-28.72323236277212
-28.72322883336035
-28.72322530394859
-28.72322177453682
-28.72321824512506
-28.72321471571329
-28.72321118630153
-28.72320765688976
-28.723204127478
-28.72320059806623
-28.72319706865447
-28.7231935392427
-28.72319000983094
-28.72318648041917
-28.72318295100741
-28.72317942159564
-28.72317589218388
-28.72317589218388
-28.72317236277212
-28.72316883336035
-28.72316530394859
-28.72316177453682
-28.72315824512506
-28.72315471571329
-28.72315118630153
-28.72314765688976
-28.723144127478
-28.72314059806623
-28.72313706865447
-28.7231335392427
-28.72313000983094
-28.72312648041917
-28.72312295100741
-28.72311942159564
-28.72311589218388
-28.72311236277212
-28.72310883336035
-28.72310530394859
-28.72310177453682
-28.72309824512506
-28.72309471571329
-28.72309118630153
-28.72308765688976
-28.723084127478
-28.72308059806623
-28.72307706865447
-28.7230735392427
-28.72307000983094
-28.72306648041917
-28.72306295100741
-28.72305942159564
-28.72305589218388