-28.72317799218388
-28.72317793041917
-28.72317786865447
-28.72317780688976
-28.72317774512506
-28.72317768336035
-28.72317762159564
-28.72317755983094
-28.72317749806623
-28.72317743630153
-28.72317737453682
-28.72317731277212
-28.72317725100741
-28.7231771892427
-28.723177127478
-28.72317706571329
-28.72317700394859
-28.72317694218388
-28.72317688041917
-28.72317681865447
-28.72317675688976
-28.72317669512506
-28.72317663336035
-28.72317657159564
-28.72317650983094
-28.72317644806623
-28.72317638630153
-28.72317632453682
-28.72317626277212
-28.72317620100741
-28.7231761392427
-28.723176077478
-28.72317601571329
-28.72317595394859
-28.72317589218388
-28.72317589218388
-28.72317583041917
-28.72317576865447
-28.72317570688976
-28.72317564512506
-28.72317558336035
-28.72317552159564
-28.72317545983094
-28.72317539806623
-28.72317533630153
-28.72317527453682
-28.72317521277212
-28.72317515100741
-28.7231750892427
-28.723175027478
-28.72317496571329
-28.72317490394859
-28.72317484218388
-28.72317478041917
-28.72317471865447
-28.72317465688976
-28.72317459512506
-28.72317453336035
-28.72317447159564
-28.72317440983094
-28.72317434806623
-28.72317428630153
-28.72317422453682
-28.72317416277212
-28.72317410100741
-28.7231740392427
-28.723173977478
-28.72317391571329
-28.72317385394859
-28.72317379218388