-28.72317592218388
-28.72317592130153
-28.72317592041917
-28.72317591953682
-28.72317591865447
-28.72317591777212
-28.72317591688976
-28.72317591600741
-28.72317591512506
-28.7231759142427
-28.72317591336035
-28.723175912478
-28.72317591159564
-28.72317591071329
-28.72317590983094
-28.72317590894859
-28.72317590806623
-28.72317590718388
-28.72317590630153
-28.72317590541917
-28.72317590453682
-28.72317590365447
-28.72317590277212
-28.72317590188976
-28.72317590100741
-28.72317590012506
-28.7231758992427
-28.72317589836035
-28.723175897478
-28.72317589659564
-28.72317589571329
-28.72317589483094
-28.72317589394859
-28.72317589306623
-28.72317589218388
-28.72317589218388
-28.72317589130153
-28.72317589041917
-28.72317588953682
-28.72317588865447
-28.72317588777212
-28.72317588688976
-28.72317588600741
-28.72317588512506
-28.7231758842427
-28.72317588336035
-28.723175882478
-28.72317588159564
-28.72317588071329
-28.72317587983094
-28.72317587894859
-28.72317587806623
-28.72317587718388
-28.72317587630153
-28.72317587541917
-28.72317587453682
-28.72317587365447
-28.72317587277212
-28.72317587188976
-28.72317587100741
-28.72317587012506
-28.7231758692427
-28.72317586836035
-28.723175867478
-28.72317586659564
-28.72317586571329
-28.72317586483094
-28.72317586394859
-28.72317586306623
-28.72317586218388