-28.72317589227388
-28.72317589227123
-28.72317589226859
-28.72317589226594
-28.72317589226329
-28.72317589226064
-28.723175892258
-28.72317589225535
-28.7231758922527
-28.72317589225006
-28.72317589224741
-28.72317589224476
-28.72317589224212
-28.72317589223947
-28.72317589223682
-28.72317589223417
-28.72317589223153
-28.72317589222888
-28.72317589222623
-28.72317589222359
-28.72317589222094
-28.72317589221829
-28.72317589221564
-28.723175892213
-28.72317589221035
-28.7231758922077
-28.72317589220506
-28.72317589220241
-28.72317589219976
-28.72317589219712
-28.72317589219447
-28.72317589219182
-28.72317589218917
-28.72317589218653
-28.72317589218388
-28.72317589218388
-28.72317589218123
-28.72317589217859
-28.72317589217594
-28.72317589217329
-28.72317589217064
-28.723175892168
-28.72317589216535
-28.7231758921627
-28.72317589216006
-28.72317589215741
-28.72317589215476
-28.72317589215212
-28.72317589214947
-28.72317589214682
-28.72317589214417
-28.72317589214153
-28.72317589213888
-28.72317589213623
-28.72317589213359
-28.72317589213094
-28.72317589212829
-28.72317589212564
-28.723175892123
-28.72317589212035
-28.7231758921177
-28.72317589211506
-28.72317589211241
-28.72317589210976
-28.72317589210712
-28.72317589210447
-28.72317589210182
-28.72317589209917
-28.72317589209653
-28.72317589209388