-28.72317589218418
-28.72317589218417
-28.72317589218416
-28.72317589218415
-28.72317589218414
-28.72317589218414
-28.72317589218413
-28.72317589218412
-28.72317589218411
-28.7231758921841
-28.72317589218409
-28.72317589218408
-28.72317589218407
-28.72317589218407
-28.72317589218406
-28.72317589218405
-28.72317589218404
-28.72317589218403
-28.72317589218402
-28.72317589218401
-28.723175892184
-28.72317589218399
-28.72317589218399
-28.72317589218398
-28.72317589218397
-28.72317589218396
-28.72317589218395
-28.72317589218394
-28.72317589218393
-28.72317589218392
-28.72317589218392
-28.72317589218391
-28.7231758921839
-28.72317589218389
-28.72317589218388
-28.72317589218388
-28.72317589218387
-28.72317589218386
-28.72317589218385
-28.72317589218384
-28.72317589218384
-28.72317589218383
-28.72317589218382
-28.72317589218381
-28.7231758921838
-28.72317589218379
-28.72317589218378
-28.72317589218377
-28.72317589218377
-28.72317589218376
-28.72317589218375
-28.72317589218374
-28.72317589218373
-28.72317589218372
-28.72317589218371
-28.7231758921837
-28.72317589218369
-28.72317589218369
-28.72317589218368
-28.72317589218367
-28.72317589218366
-28.72317589218365
-28.72317589218364
-28.72317589218363
-28.72317589218362
-28.72317589218362
-28.72317589218361
-28.7231758921836
-28.72317589218359
-28.72317589218358