4.1050000000000004    -2.0968727628634221    3.30172483137533483437
4.1049400000000000    -2.0968379599755740    3.30287508542035582030
4.1048799999999996    -2.0968031621379879    3.30474255850014213666
4.1048200000000001    -2.0967683699468189    3.30633985130357997673
4.1047599999999997    -2.0967335840940482    3.30828539779342027292
4.1047000000000002    -2.0966988053873941    3.31127260239911905184
4.1046399999999998    -2.0966640347753738    3.31455140232824155971
4.1045800000000003    -2.0966292733791030    3.31758924825035605229
4.1045199999999999    -2.0965945225330382    3.32185747809630061247
4.1044600000000004    -2.0965597838376953    3.32460800378354472346
4.1044000000000000    -2.0965250592286280    3.32970145593239875547
4.1043399999999997    -2.0964903510677249    3.33458754417473445452
4.1042800000000002    -2.0964556622655941    3.34011582086106919394
4.1042199999999998    -2.0964209964479110    3.34823400689822082261
4.1041600000000003    -2.0963863581848701    3.35607304229756269322
4.1040999999999999    -2.0963517533128631    3.36525531955083390644
4.1040400000000004    -2.0963171893933152    3.37648965793500631188
4.1039800000000000    -2.0962826763795710    3.38926949618608891403
4.1039199999999996    -2.0962482276056242    3.40559301983861667279
4.1038600000000001    -2.0962138612829060    3.42493283014009688449
4.1037999999999997    -2.0961796028144071    3.44883980921407516228
4.1037400000000002    -2.0961454884437671    3.47879321278708827925
4.1036799999999998    -2.0961115710978317    3.51567743426407204837
4.1036200000000003    -2.0960779297783141    3.56201044408483489265
4.1035599999999999    -2.0960446843215639    3.61629635198376417848
4.1035000000000004    -2.0960120166429279    3.68119716973619375781
4.1034400000000000    -2.0959801936480420    3.74502984456909285261
4.1033799999999996    -2.0959495672873931    3.78836469379420091234
4.1033200000000001    -2.0959204975858832    3.78545426189941766376
4.1033108417405550    -2.0959162134124001    3.77812952359424747591
4.1032599999999997    -2.0958931775408280    3.71877135602255090227
4.1032000000000002    -2.0958675004044389    3.60993547779984348916
4.1031399999999998    -2.0958431363370140    3.49349998920820985237
4.1030800000000003    -2.0958197175513229    3.38860965067488444850
4.1030199999999999    -2.0957969487116022    3.30486684752645092198
4.1029600000000004    -2.0957746239227051    3.23729099004110142069
4.1029000000000000    -2.0957526068082428    3.18689538436666924327
4.1028399999999996    -2.0957308076881871    3.14660093871979738541
4.1027800000000001    -2.0957091668337431    3.11449448798948558444
4.1027199999999997    -2.0956876436294247    3.08981331864792802596
4.1026600000000002    -2.0956662098104171    3.06954605954302421102
4.1025999999999998    -2.0956448452510132    3.05204291840417587861
4.1025400000000003    -2.0956235353081278    3.03894290027735228558
4.1024799999999999    -2.0956022691138712    3.02673411143944593306
4.1024200000000004    -2.0955810384549718    3.01675879676842956072
4.1023600000000000    -2.0955598370217490    3.00874779133835424435
4.1022999999999996    -2.0955386598944488    3.00207757811972459077
4.1022400000000001    -2.0955175031851709    2.99609563968165542322
4.1021799999999997    -2.0954963637837558    2.98988732680617307156
4.1021200000000002    -2.0954752391744638    2.98582049933207931461
4.1020599999999998    -2.0954541273016911    2.98146949910461281103
4.1020000000000003    -2.0954330264702001    2.97831987390568118869


4.1050000000000004    -2.0964781299234909    2.96184854249568809575
4.1049400000000000    -2.0964570755848881    2.96475571752280077928
4.1048799999999996    -2.0964360161033979    2.96694196521251120878
4.1048200000000001    -2.0964149508828651    2.96874092662196365985
4.1047599999999997    -2.0963938792313059    2.97064314894546640578
4.1047000000000002    -2.0963728003409998    2.97388318781690925378
4.1046399999999998    -2.0963517132634268    2.97738837641876162316
4.1045800000000003    -2.0963306168774709    2.98064895352223243534
4.1045199999999999    -2.0963095098486741    2.98527852854769043750
4.1044600000000004    -2.0962883905765159    2.99022221979175092531
4.1044000000000000    -2.0962672571254428    2.99480870450181066336
4.1043399999999997    -2.0962461071335641    3.00080352522482865919
4.1042800000000002    -2.0962249376902689    3.00714115507695725063
4.1042199999999998    -2.0962037451698809    3.01504192042385003132
4.1041600000000003    -2.0961825250022019    3.02469445593457642550
4.1040999999999999    -2.0961612713508400    3.03618370615917672795
4.1040400000000004    -2.0961399766543680    3.04828150615292947949
4.1039800000000000    -2.0961186309594377    3.06424047789216553940
4.1039199999999996    -2.0960972209320561    3.08274205114330851572
4.1038600000000001    -2.0960757283607871    3.10703489221892128059
4.1037999999999997    -2.0960541278426392    3.13669655227572966244
4.1037400000000002    -2.0960323831339722    3.17405035035998280089
4.1036799999999998    -2.0960104413079370    3.22237633902175080159
4.1036200000000003    -2.0959882233628191    3.28348731121726035583
4.1035599999999999    -2.0959656094622661    3.36164602209193088189
4.1035000000000004    -2.0959424176909298    3.46074509064474038450
4.1034400000000000    -2.0959183811431732    3.57455638685306533787
4.1033799999999996    -2.0958931478685052    3.69013366365829109076
4.1033200000000001    -2.0958663578420240    3.77286013178202509844
4.1033108417405550    -2.0958621157093291    3.77956114280899828448
4.1032599999999997    -2.0958378180664110    3.79564329774406478092
4.1032000000000002    -2.0958076352894532    3.76310834553013936533
4.1031399999999998    -2.0957761393508498    3.70232476508027163347
4.1030800000000003    -2.0957436980378299    3.63702885811857402638
4.1030199999999999    -2.0957106066861568    3.57794295507378880077
4.1029600000000004    -2.0956770711909720    3.52994828753023255651
4.1029000000000000    -2.0956432279286630    3.48938475829115790031
4.1028399999999996    -2.0956091665792580    3.45702321523776511208
4.1027800000000001    -2.0955749468715479    3.43201588103386854558
4.1027199999999997    -2.0955406094210169    3.41218657037477464443
4.1026600000000002    -2.0955061824924801    3.39418659501957565238
4.1025999999999998    -2.0954716862116411    3.38101910012658118422
4.1025400000000003    -2.0954371352215819    3.36893180513393658104
4.1024799999999999    -2.0954025403901930    3.35881888726254895458
4.1024200000000004    -2.0953679099307418    3.35041005399462200496
4.1023600000000000    -2.0953332501529083    3.34342482512406733884
4.1022999999999996    -2.0952985659764418    3.33671661788265355307
4.1022400000000001    -2.0952638612892440    3.33122530643657235481
4.1021799999999997    -2.0952291392014719    3.32670272083808348396
4.1021200000000002    -2.0951944022288620    3.32186964108607533973
4.1020599999999998    -2.0951596524270180    3.31737545075302782144
4.1020000000000003    -2.0951248914911718    3.31507946000314795108


4.1050000000000004    -2.0253163303930970    3.22394690914141616306
4.1049400000000000    -2.0252817108152708    3.22187188219011337305
4.1048799999999996    -2.0252470911996947    3.22135131352732276624
4.1048200000000001    -2.0252124715465998    3.22246755872948879612
4.1047599999999997    -2.0251778518562533    3.22313604299089554199
4.1047000000000002    -2.0251432321289702    3.22160163462963983791
4.1046399999999998    -2.0251086123651221    3.22168388353659786399
4.1045800000000003    -2.0250739925651509    3.22244440099678546518
4.1045199999999999    -2.0250393727295868    3.22303970173610651291
4.1044600000000004    -2.0250047528590698    3.22321952232385435899
4.1044000000000000    -2.0249701329543810    3.22217951609758251007
4.1043399999999997    -2.0249355130164850    3.22303969125541825446
4.1042800000000002    -2.0249008930465839    3.22228671150437608289
4.1042199999999998    -2.0248662730461988    3.22205711189833792223
4.1041600000000003    -2.0248316530172783    3.22254015613363410100
4.1040999999999999    -2.0247970329623639    3.22152997709571809869
4.1040400000000004    -2.0247624128848383    3.22283931859006025824
4.1039800000000000    -2.0247277927892910    3.22303443415416065684
4.1039199999999996    -2.0246931726821251    3.22357326750095030707
4.1038600000000001    -2.0246585525725371    3.22290906490758914259
4.1037999999999997    -2.0246239324742392    3.22220669639488428238
4.1037400000000002    -2.0245893124086098    3.22296994371511855669
4.1036799999999998    -2.0245546924109261    3.22235399693744027573
4.1036200000000003    -2.0245200725438410    3.22274703101216696108
4.1035599999999999    -2.0244854529303500    3.22260474890638570831
4.1035000000000004    -2.0244508338494311    3.22469337713678523560
4.1034400000000000    -2.0244162160980368    3.22467974594900970604
4.1033799999999996    -2.0243816032325217    3.23071022005084591139
4.1033200000000001    -2.0243470861536887    3.39582721886503745962
4.1033108417405550    -2.0243422258622941    3.75056103767551891632
4.1032599999999997    -2.0243253759682691    2.91497393206695664097
4.1032000000000002    -2.0243060942395332    2.90514112413006338372
4.1031399999999998    -2.0242868211239231    2.90265447678617867847
4.1030800000000003    -2.0242675498958902    2.90147406321484360552
4.1030199999999999    -2.0242482793760930    2.90316934249011787661
4.1029600000000004    -2.0242290091916781    2.90127836173293244919
4.1029000000000000    -2.0242097391875511    2.90135277295470486074
4.1028399999999996    -2.0241904692876638    2.90157148824703059659
4.1027800000000001    -2.0241711994503429    2.90225159564347996591
4.1027199999999997    -2.0241519296508428    2.90086619834260540322
4.1026600000000002    -2.0241326598735427    2.90108426868485747181
4.1025999999999998    -2.0241133901080919    2.90172823441705372014
4.1025400000000003    -2.0240941203473652    2.90109513544658242814
4.1024799999999999    -2.0240748505862931    2.90143376757659917850
4.1024200000000004    -2.0240555808211709    2.90221125888720651517
4.1023600000000000    -2.0240363110492310    2.90125631768114087151
4.1022999999999996    -2.0240170412683600    2.90136391016372354422
4.1022400000000001    -2.0239977714769193    2.90102476830610161930
4.1021799999999997    -2.0239785016736183    2.90133307182305433865
4.1021200000000002    -2.0239592318574240    2.90080373988551684086
4.1020599999999998    -2.0239399620275038    2.90170492944750936450
4.1020000000000003    -2.0239206921831747    2.90110975348873048130


4.1050000000000004    -2.0248841578542187    2.90109603938266399502
4.1049400000000000    -2.0248648889407010    2.90185463324642067134
4.1048799999999996    -2.0248456200066398    2.90047828500472458166
4.1048200000000001    -2.0248263510518010    2.90105482507363187901
4.1047599999999997    -2.0248070820759172    2.90122413740717371576
4.1047000000000002    -2.0247878130786701    2.90092230202930650355
4.1046399999999998    -2.0247685440596861    2.90128933239872326111
4.1045800000000003    -2.0247492750185239    2.90136032745062779942
4.1045199999999999    -2.0247300059546500    2.90124066487529383537
4.1044600000000004    -2.0247107368674229    2.90044021435433381430
4.1044000000000000    -2.0246914677560612    2.90134871322931890518
4.1043399999999997    -2.0246721986195961    2.90176668870221700879
4.1042800000000002    -2.0246529294568258    2.90142273755151343102
4.1042199999999998    -2.0246336602662289    2.90064849321082806059
4.1041600000000003    -2.0246143910458532    2.90141621224167678959
4.1040999999999999    -2.0245951217931539    2.90163582187678761154
4.1040400000000004    -2.0245758525047499    2.90076893774568171473
4.1039800000000000    -2.0245565831760479    2.90049641893620918469
4.1039199999999996    -2.0245373138006459    2.90161760703078772800
4.1038600000000001    -2.0245180443693429    2.90276208599332094648
4.1037999999999997    -2.0244987748684249    2.90129391702191763306
4.1037400000000002    -2.0244795052765139    2.90047501056547984586
4.1036799999999998    -2.0244602355583310    2.90093718104625969238
4.1036200000000003    -2.0244409656512188    2.90217273165983744758
4.1035599999999999    -2.0244216954321841    2.90132525739290592233
4.1035000000000004    -2.0244024246222447    2.90229986202296014598
4.1034400000000000    -2.0243831524244471    2.90326232409350972461
4.1033799999999996    -2.0243638752824351    2.90908233599969664649
4.1033200000000001    -2.0243445022954041    3.10232276617483786261
4.1033108417405550    -2.0243411369282551    3.75075903039106744617
4.1032599999999997    -2.0243123223566220    3.23484434365782323609
4.1032000000000002    -2.0242777139028161    3.22568779923697995923
4.1031399999999998    -2.0242430967775418    3.22397868285996588422
4.1030800000000003    -2.0242084777063480    3.22425892245838154526
4.1030199999999999    -2.0241738578685720    3.22266540928779772306
4.1029600000000004    -2.0241392376370682    3.22407043480155138383
4.1029000000000000    -2.0241046171669272    3.22379104596615013501
4.1028399999999996    -2.0240699965341982    3.22310192177648449142
4.1027800000000001    -2.0240353757805498    3.22181351312790104253
4.1027199999999997    -2.0240007549307268    3.22384978460588325134
4.1026600000000002    -2.0239661340003510    3.22272792470944258614
4.1025999999999998    -2.0239315129997681    3.22285589433190755191
4.1025400000000003    -2.0238968919361038    3.22334693689769237880
4.1024799999999999    -2.0238622708144249    3.22210047516516914909
4.1024200000000004    -2.0238276496384349    3.22304796500563540376
4.1023600000000000    -2.0237930284109003    3.22276501828174888938
4.1022999999999996    -2.0237584071339301    3.22413589861198161650
4.1022400000000001    -2.0237237858091639    3.22235719180262794809
4.1021799999999997    -2.0236891644378909    3.22321883929127049628
4.1021200000000002    -2.0236545430211410    3.22251239309033501003
4.1020599999999998    -2.0236199215597459    3.22268237604245173463
4.1020000000000003    -2.0235853000543869    3.22248477970090481111


