4.1033108417405577    -1.5830087145538618    3.14339150031634139478
4.1033108417405577    -1.5830087145538618    3.14372899220712954753
4.1033108417405577    -1.5830087145538618    3.14291527240012223709
4.1033108417405568    -1.5830087145538618    3.14337970333061972696
4.1033108417405568    -1.5830087145538618    3.14307765047708221771
4.1033108417405568    -1.5830087145538618    3.14331119666999418282
4.1033108417405568    -1.5830087145538618    3.14450680274055537934
4.1033108417405568    -1.5830087145538618    3.14415323113100430739
4.1033108417405568    -1.5830087145538618    3.14362557978925427019
4.1033108417405568    -1.5830087145538618    3.14317689855150256490
4.1033108417405568    -1.5830087145538618    3.14284486955213526109
4.1033108417405568    -1.5830087145538618    3.14278497735001018229
4.1033108417405568    -1.5830087145538618    3.14221142170474994479
4.1033108417405568    -1.5830087145538618    3.14319825503187032256
4.1033108417405568    -1.5830087145538618    3.14318054978506318986
4.1033108417405568    -1.5830087145538618    3.14407821029915341858
4.1033108417405559    -1.5830087145538618    3.14411467347084339161
4.1033108417405559    -1.5830087145538618    3.14350184799508894189
4.1033108417405559    -1.5830087145538618    3.14482056375037909548
4.1033108417405559    -1.5830087145538618    3.14368152669140487211
4.1033108417405559    -1.5830087145538609    3.14440180971498985129
4.1033108417405559    -1.5830087145538609    3.14420799663127001605
4.1033108417405559    -1.5830087145538609    3.14390080145832352915
4.1033108417405559    -1.5830087145538609    3.14501411812007665024
4.1033108417405559    -1.5830087145538609    3.14432228877045945423
4.1033108417405559    -1.5830087145538609    3.14509480442307722751
4.1033108417405559    -1.5830087145538609    3.14368171327354292027
4.1033108417405559    -1.5830087145538609    3.14487760220798218732
4.1033108417405550    -1.5830087145538609    3.14606541738912492360
4.1033108417405550    -1.5830087145538609    3.14672377669324429051
4.1033108417405550    -1.5830087145538609    3.14621494317027136710
4.1033108417405550    -1.5830087145538609    3.14855198229635135031
4.1033108417405550    -1.5830087145538609    3.14845928301201840411
4.1033108417405550    -1.5830087145538609    3.15028691545132248576
4.1033108417405550    -1.5830087145538609    3.15176418016476684648
4.1033108417405550    -1.5830087145538609    3.15421125042696124502
4.1033108417405550    -1.5830087145538609    3.15868699879262572775
4.1033108417405550    -1.5830087145538609    3.16730914194258900509
4.1033108417405550    -1.5830087145538609    3.18233407094208814100
4.1033108417405550    -1.5830087145538609    3.21776882964897798975
4.1033108417405542    -1.5830087145538609    3.35185185485307648632
4.1033108417405542    -1.5830087145538609    3.56060213983988080267
4.1033108417405542    -1.5830087145538609    3.43518750357329901270
4.1033108417405542    -1.5830087145538609    2.78789211500271197526
4.1033108417405542    -1.5830087145538609    2.67101531537529805261
4.1033108417405542    -1.5830087145538609    2.63714691301307271876
4.1033108417405542    -1.5830087145538609    2.62285360415887510072
4.1033108417405542    -1.5830087145538609    2.61530569789031318013
4.1033108417405542    -1.5830087145538609    2.61001339957034806218
4.1033108417405542    -1.5830087145538609    2.60740400463986294493
4.1033108417405542    -1.5830087145538609    2.60507464206501662728
4.1033108417405542    -1.5830087145538609    2.60380380405502272786


4.1033108417405577    -1.5830087145538609    2.59825167320585406826
4.1033108417405577    -1.5830087145538609    2.59818877837863462929
4.1033108417405577    -1.5830087145538609    2.59758331619803528394
4.1033108417405568    -1.5830087145538609    2.59790172233475812990
4.1033108417405568    -1.5830087145538609    2.59842697660460923573
4.1033108417405568    -1.5830087145538609    2.59808261665924658556
4.1033108417405568    -1.5830087145538609    2.59882982091506967485
4.1033108417405568    -1.5830087145538609    2.59844607093066740544
4.1033108417405568    -1.5830087145538609    2.59853742143462391198
4.1033108417405568    -1.5830087145538609    2.59839110822412128286
4.1033108417405568    -1.5830087145538609    2.59882814355721682631
4.1033108417405568    -1.5830087145538609    2.59915488285755061229
4.1033108417405568    -1.5830087145538609    2.59867525563380980945
4.1033108417405568    -1.5830087145538609    2.59847844034408391629
4.1033108417405568    -1.5830087145538609    2.59875055695276128043
4.1033108417405568    -1.5830087145538609    2.59852298885809792988
4.1033108417405559    -1.5830087145538609    2.59789326948703851693
4.1033108417405559    -1.5830087145538609    2.59800062761165686501
4.1033108417405559    -1.5830087145538609    2.59926821419041953302
4.1033108417405559    -1.5830087145538609    2.59979448348266689237
4.1033108417405559    -1.5830087145538609    2.59835987120998248624
4.1033108417405559    -1.5830087145538609    2.59920260943012977639
4.1033108417405559    -1.5830087145538609    2.59933150665762112311
4.1033108417405559    -1.5830087145538609    2.59973203463251483695
4.1033108417405559    -1.5830087145538609    2.59957447329827725374
4.1033108417405559    -1.5830087145538609    2.59973894946746624142
4.1033108417405559    -1.5830087145538609    2.59975246497429599230
4.1033108417405559    -1.5830087145538609    2.60089158405990785415
4.1033108417405550    -1.5830087145538609    2.60123295273853312264
4.1033108417405550    -1.5830087145538609    2.60121533104081303282
4.1033108417405550    -1.5830087145538609    2.60321366048096843417
4.1033108417405550    -1.5830087145538609    2.60356436159392132723
4.1033108417405550    -1.5830087145538609    2.60543432921389296977
4.1033108417405550    -1.5830087145538609    2.60503646783529966657
4.1033108417405550    -1.5830087145538609    2.60820024921216072310
4.1033108417405550    -1.5830087145538609    2.61131380025355742600
4.1033108417405550    -1.5830087145538609    2.61676954454782173293
4.1033108417405550    -1.5830087145538609    2.62622696056686825506
4.1033108417405550    -1.5830087145538609    2.64488898407329925204
4.1033108417405550    -1.5830087145538609    2.69234855883199063111
4.1033108417405542    -1.5830087145538609    2.88094526360081207772
4.1033108417405542    -1.5830087145538609    3.56071036863946900597
4.1033108417405542    -1.5830087145538609    3.59735159382339468375
4.1033108417405542    -1.5830087145538609    3.28850741978108074043
4.1033108417405542    -1.5830087145538609    3.20299830909548529571
4.1033108417405542    -1.5830087145538609    3.17639972733581149394
4.1033108417405542    -1.5830087145538609    3.16432569681672356231
4.1033108417405542    -1.5830087145538609    3.15813249606535518393
4.1033108417405542    -1.5830087145538609    3.15308653393651660483
4.1033108417405542    -1.5830087145538598    3.15131967441733007429
4.1033108417405542    -1.5830087145538598    3.14861579802831538055
4.1033108417405542    -1.5830087145538598    3.14819709364688739717


