-8.246621683481109
-8.245445212892874
-8.244268742304638
-8.243092271716403
-8.241915801128168
-8.240739330539933
-8.239562859951697
-8.238386389363462
-8.237209918775227
-8.236033448186991
-8.234856977598756
-8.233680507010521
-8.232504036422285
-8.23132756583405
-8.230151095245815
-8.22897462465758
-8.227798154069344
-8.226621683481109
-8.225445212892874
-8.224268742304638
-8.223092271716403
-8.221915801128168
-8.220739330539933
-8.219562859951697
-8.218386389363462
-8.217209918775227
-8.216033448186991
-8.214856977598756
-8.213680507010521
-8.212504036422285
-8.21132756583405
-8.210151095245815
-8.20897462465758
-8.207798154069344
-8.206621683481109
-8.206621683481109
-8.205445212892874
-8.204268742304638
-8.203092271716403
-8.201915801128168
-8.200739330539933
-8.199562859951697
-8.198386389363462
-8.197209918775227
-8.196033448186991
-8.194856977598756
-8.193680507010521
-8.192504036422285
-8.19132756583405
-8.190151095245815
-8.18897462465758
-8.187798154069344
-8.186621683481109
-8.185445212892874
-8.184268742304638
-8.183092271716403
-8.181915801128168
-8.180739330539933
-8.179562859951697
-8.178386389363462
-8.177209918775227
-8.176033448186991
-8.174856977598756
-8.173680507010521
-8.172504036422285
-8.17132756583405
-8.170151095245815
-8.16897462465758
-8.167798154069344
-8.166621683481109