-8.210621683481109
-8.210504036422285
-8.210386389363462
-8.210268742304638
-8.210151095245815
-8.210033448186991
-8.209915801128168
-8.209798154069344
-8.209680507010521
-8.209562859951697
-8.209445212892874
-8.20932756583405
-8.209209918775227
-8.209092271716403
-8.20897462465758
-8.208856977598756
-8.208739330539933
-8.208621683481109
-8.208504036422285
-8.208386389363462
-8.208268742304638
-8.208151095245815
-8.208033448186991
-8.207915801128168
-8.207798154069344
-8.207680507010521
-8.207562859951697
-8.207445212892874
-8.20732756583405
-8.207209918775227
-8.207092271716403
-8.20697462465758
-8.206856977598756
-8.206739330539933
-8.206621683481109
-8.206621683481109
-8.206504036422285
-8.206386389363462
-8.206268742304638
-8.206151095245815
-8.206033448186991
-8.205915801128168
-8.205798154069344
-8.205680507010521
-8.205562859951697
-8.205445212892874
-8.20532756583405
-8.205209918775227
-8.205092271716403
-8.20497462465758
-8.204856977598756
-8.204739330539933
-8.204621683481109
-8.204504036422285
-8.204386389363462
-8.204268742304638
-8.204151095245815
-8.204033448186991
-8.203915801128168
-8.203798154069344
-8.203680507010521
-8.203562859951697
-8.203445212892874
-8.20332756583405
-8.203209918775227
-8.203092271716403
-8.20297462465758
-8.202856977598756
-8.202739330539933
-8.202621683481109