-8.206701683481109
-8.206699330539933
-8.206696977598756
-8.20669462465758
-8.206692271716403
-8.206689918775227
-8.20668756583405
-8.206685212892874
-8.206682859951697
-8.206680507010521
-8.206678154069344
-8.206675801128168
-8.206673448186991
-8.206671095245815
-8.206668742304638
-8.206666389363462
-8.206664036422285
-8.206661683481109
-8.206659330539933
-8.206656977598756
-8.20665462465758
-8.206652271716403
-8.206649918775227
-8.20664756583405
-8.206645212892874
-8.206642859951697
-8.206640507010521
-8.206638154069344
-8.206635801128168
-8.206633448186991
-8.206631095245815
-8.206628742304638
-8.206626389363462
-8.206624036422285
-8.206621683481109
-8.206621683481109
-8.206619330539933
-8.206616977598756
-8.20661462465758
-8.206612271716403
-8.206609918775227
-8.20660756583405
-8.206605212892874
-8.206602859951697
-8.206600507010521
-8.206598154069344
-8.206595801128168
-8.206593448186991
-8.206591095245815
-8.206588742304638
-8.206586389363462
-8.206584036422285
-8.206581683481109
-8.206579330539933
-8.206576977598756
-8.20657462465758
-8.206572271716403
-8.206569918775227
-8.20656756583405
-8.206565212892874
-8.206562859951697
-8.206560507010521
-8.206558154069344
-8.206555801128168
-8.206553448186991
-8.206551095245815
-8.206548742304638
-8.206546389363462
-8.206544036422285
-8.206541683481109