-8.206623083481109
-8.206623042304638
-8.206623001128168
-8.206622959951697
-8.206622918775227
-8.206622877598756
-8.206622836422285
-8.206622795245815
-8.206622754069344
-8.206622712892874
-8.206622671716403
-8.206622630539933
-8.206622589363462
-8.206622548186991
-8.206622507010521
-8.20662246583405
-8.20662242465758
-8.206622383481109
-8.206622342304638
-8.206622301128168
-8.206622259951697
-8.206622218775227
-8.206622177598756
-8.206622136422285
-8.206622095245815
-8.206622054069344
-8.206622012892874
-8.206621971716403
-8.206621930539933
-8.206621889363462
-8.206621848186991
-8.206621807010521
-8.20662176583405
-8.20662172465758
-8.206621683481109
-8.206621683481109
-8.206621642304638
-8.206621601128168
-8.206621559951697
-8.206621518775227
-8.206621477598756
-8.206621436422285
-8.206621395245815
-8.206621354069344
-8.206621312892874
-8.206621271716403
-8.206621230539933
-8.206621189363462
-8.206621148186991
-8.206621107010521
-8.20662106583405
-8.20662102465758
-8.206620983481109
-8.206620942304638
-8.206620901128168
-8.206620859951697
-8.206620818775227
-8.206620777598756
-8.206620736422285
-8.206620695245815
-8.206620654069344
-8.206620612892874
-8.206620571716403
-8.206620530539933
-8.206620489363462
-8.206620448186991
-8.206620407010521
-8.20662036583405
-8.20662032465758
-8.206620283481109