-8.206621703481109
-8.206621702892874
-8.206621702304638
-8.206621701716403
-8.206621701128168
-8.206621700539933
-8.206621699951697
-8.206621699363462
-8.206621698775227
-8.206621698186991
-8.206621697598756
-8.206621697010521
-8.206621696422285
-8.20662169583405
-8.206621695245815
-8.20662169465758
-8.206621694069344
-8.206621693481109
-8.206621692892874
-8.206621692304638
-8.206621691716403
-8.206621691128168
-8.206621690539933
-8.206621689951697
-8.206621689363462
-8.206621688775227
-8.206621688186991
-8.206621687598756
-8.206621687010521
-8.206621686422285
-8.20662168583405
-8.206621685245815
-8.20662168465758
-8.206621684069344
-8.206621683481109
-8.206621683481109
-8.206621682892874
-8.206621682304638
-8.206621681716403
-8.206621681128168
-8.206621680539933
-8.206621679951697
-8.206621679363462
-8.206621678775227
-8.206621678186991
-8.206621677598756
-8.206621677010521
-8.206621676422285
-8.20662167583405
-8.206621675245815
-8.20662167465758
-8.206621674069344
-8.206621673481109
-8.206621672892874
-8.206621672304638
-8.206621671716403
-8.206621671128168
-8.206621670539933
-8.206621669951697
-8.206621669363462
-8.206621668775227
-8.206621668186991
-8.206621667598756
-8.206621667010521
-8.206621666422285
-8.20662166583405
-8.206621665245815
-8.20662166465758
-8.206621664069344
-8.206621663481109