-8.206621683541109
-8.206621683539344
-8.20662168353758
-8.206621683535815
-8.20662168353405
-8.206621683532285
-8.206621683530521
-8.206621683528756
-8.206621683526991
-8.206621683525227
-8.206621683523462
-8.206621683521697
-8.206621683519933
-8.206621683518168
-8.206621683516403
-8.206621683514638
-8.206621683512874
-8.206621683511109
-8.206621683509344
-8.20662168350758
-8.206621683505815
-8.20662168350405
-8.206621683502285
-8.206621683500521
-8.206621683498756
-8.206621683496991
-8.206621683495227
-8.206621683493462
-8.206621683491697
-8.206621683489933
-8.206621683488168
-8.206621683486403
-8.206621683484638
-8.206621683482874
-8.206621683481109
-8.206621683481109
-8.206621683479344
-8.20662168347758
-8.206621683475815
-8.20662168347405
-8.206621683472285
-8.206621683470521
-8.206621683468756
-8.206621683466991
-8.206621683465227
-8.206621683463462
-8.206621683461697
-8.206621683459933
-8.206621683458168
-8.206621683456403
-8.206621683454638
-8.206621683452874
-8.206621683451109
-8.206621683449344
-8.20662168344758
-8.206621683445815
-8.20662168344405
-8.206621683442285
-8.206621683440521
-8.206621683438756
-8.206621683436991
-8.206621683435227
-8.206621683433462
-8.206621683431697
-8.206621683429933
-8.206621683428168
-8.206621683426403
-8.206621683424638
-8.206621683422874
-8.206621683421109