-8.206621683481309
-8.206621683481303
-8.206621683481297
-8.206621683481291
-8.206621683481285
-8.20662168348128
-8.206621683481274
-8.206621683481268
-8.206621683481262
-8.206621683481256
-8.20662168348125
-8.206621683481244
-8.206621683481238
-8.206621683481233
-8.206621683481227
-8.206621683481221
-8.206621683481215
-8.206621683481209
-8.206621683481203
-8.206621683481197
-8.206621683481191
-8.206621683481185
-8.20662168348118
-8.206621683481174
-8.206621683481168
-8.206621683481162
-8.206621683481156
-8.20662168348115
-8.206621683481144
-8.206621683481138
-8.206621683481133
-8.206621683481127
-8.206621683481121
-8.206621683481115
-8.206621683481109
-8.206621683481109
-8.206621683481103
-8.206621683481097
-8.206621683481091
-8.206621683481085
-8.20662168348108
-8.206621683481074
-8.206621683481068
-8.206621683481062
-8.206621683481056
-8.20662168348105
-8.206621683481044
-8.206621683481038
-8.206621683481033
-8.206621683481027
-8.206621683481021
-8.206621683481015
-8.206621683481009
-8.206621683481003
-8.206621683480997
-8.206621683480991
-8.206621683480985
-8.20662168348098
-8.206621683480974
-8.206621683480968
-8.206621683480962
-8.206621683480956
-8.20662168348095
-8.206621683480944
-8.206621683480938
-8.206621683480933
-8.206621683480927
-8.206621683480921
-8.206621683480915
-8.206621683480909