-4.10335
-4.103348
-4.103346
-4.103344
-4.103342
-4.10334
-4.103338
-4.103336
-4.103334
-4.103332
-4.10333
-4.103328
-4.103326
-4.103324
-4.103322
-4.10332
-4.103318
-4.103316
-4.103314
-4.103312
-4.103310841740555
-4.10331
-4.103308
-4.103306
-4.103304
-4.103302
-4.1033
-4.103298
-4.103296
-4.103294
-4.103292
-4.10329
-4.103288
-4.103286
-4.103284
-4.103282
-4.10328
-4.103278
-4.103276
-4.103274
-4.103272
-4.10327
-4.103268
-4.103266
-4.103264
-4.103262
-4.10326
-4.103258
-4.103256
-4.103254
-4.103252
-4.10325