4.4189501372591593    -1.8479910447029730    3.66093078263666732485
4.4189501372591558    -1.8479910447029722    3.66197051643277184520
4.4189501372591531    -1.8479910447029702    3.66212991235802314623
4.4189501372591504    -1.8479910447029690    3.66320994404179377788
4.4189501372591469    -1.8479910447029682    3.66374893349718470654
4.4189501372591442    -1.8479910447029670    3.66441779498649228275
4.4189501372591407    -1.8479910447029650    3.66504276242310259308
4.4189501372591380    -1.8479910447029642    3.66509333306865039341
4.4189501372591353    -1.8479910447029630    3.66474223235920519028
4.4189501372591327    -1.8479910447029619    3.66609000520714717656
4.4189501372591300    -1.8479910447029599    3.66561530404012639881
4.4189501372591273    -1.8479910447029591    3.66645344592432339279
4.4189501372591238    -1.8479910447029579    3.66608688833079847868
4.4189501372591211    -1.8479910447029571    3.66512296590183846829
4.4189501372591176    -1.8479910447029559    3.66571920393699121686
4.4189501372591149    -1.8479910447029539    3.66547286532505503845
4.4189501372591122    -1.8479910447029531    3.66485979863721024366
4.4189501372591087    -1.8479910447029519    3.66476541215408187983
4.4189501372591060    -1.8479910447029511    3.66439113927057681565
4.4189501372591034    -1.8479910447029499    3.66391758241687264452
4.4189501372590998    -1.8479910447029479    3.66378658428665754127
4.4189501372590971    -1.8479910447029471    3.66154638529071553479
4.4189501372590936    -1.8479910447029460    3.66147968476337778987
4.4189501372590909    -1.8479910447029451    3.66016982076901388715
4.4189501372590883    -1.8479910447029440    3.65963040157536970186
4.4189501372590847    -1.8479910447029431    3.65849552267281778370
4.4189501372590829    -1.8479910447029411    3.65656054120136133874
4.4189501372590803    -1.8479910447029400    3.65547313171940968404
4.4189501372590767    -1.8479910447029391    3.65531906047082594756
4.4189501372590740    -1.8479910447029380    3.65351673725047756069
4.4189501372590714    -1.8479910447029371    3.65147600940427945952
4.4189501372590678    -1.8479910447029360    3.65004712784064101966
4.4189501372590652    -1.8479910447029351    3.64839558738734732069
4.4189501372590616    -1.8479910447029329    3.64717069580527572027
4.4189501372590589    -1.8479910447029320    3.64580360985560344338
4.4189501372590589    -1.8479910447029320    3.64514453394209958070
4.4189501372590563    -1.8479910447029309    3.64254640488618149259
4.4189501372590527    -1.8479910447029300    3.64183922946642655801
4.4189501372590501    -1.8479910447029289    3.63855916532428670879
4.4189501372590474    -1.8479910447029280    3.63777429932178899240
4.4189501372590438    -1.8479910447029269    3.63432538510238377209
4.4189501372590412    -1.8479910447029260    3.63318817428877721123
4.4189501372590376    -1.8479910447029249    3.62931436314647195792
4.4189501372590350    -1.8479910447029229    3.62877972433940147712
4.4189501372590332    -1.8479910447029220    3.62477698748790121857
4.4189501372590296    -1.8479910447029209    3.62214948019185465061
4.4189501372590270    -1.8479910447029200    3.62063966404084324239
4.4189501372590243    -1.8479910447029189    3.61694427537499112830
4.4189501372590207    -1.8479910447029182    3.61426526806459354224
4.4189501372590181    -1.8479910447029169    3.61145044400908896793
4.4189501372590154    -1.8479910447029162    3.60912877557134568291
4.4189501372590119    -1.8479910447029149    3.60578063070976940845
4.4189501372590092    -1.8479910447029142    3.60262598605660971148
4.4189501372590057    -1.8479910447029129    3.59925190935101368917
4.4189501372590030    -1.8479910447029122    3.59629220508129641390
4.4189501372590003    -1.8479910447029111    3.59327544088083254800
4.4189501372589968    -1.8479910447029102    3.59011346215965490439
4.4189501372589941    -1.8479910447029091    3.58613381197656172473
4.4189501372589914    -1.8479910447029082    3.58198887007582213995
4.4189501372589879    -1.8479910447029071    3.57981187047192234586
4.4189501372589852    -1.8479910447029051    3.57525849175927542211
4.4189501372589826    -1.8479910447029040    3.57204887364674010791
4.4189501372589799    -1.8479910447029031    3.56778212407111926284
4.4189501372589772    -1.8479910447029020    3.56421036145069499443
4.4189501372589737    -1.8479910447029011    3.56038351995779474225
4.4189501372589710    -1.8479910447029000    3.55730964210967432089
4.4189501372589683    -1.8479910447028991    3.55311703029385280404
4.4189501372589648    -1.8479910447028980    3.54882665845319012561
4.4189501372589621    -1.8479910447028971    3.54476098586463716621
4.4189501372589586    -1.8479910447028960    3.54069947009071715077


4.4189501372591593    -1.8479910447028720    3.54032421230825901327
4.4189501372591558    -1.8479910447028709    3.54385612301949440230
4.4189501372591531    -1.8479910447028700    3.54709610527937908224
4.4189501372591504    -1.8479910447028689    3.55128768550898964661
4.4189501372591469    -1.8479910447028680    3.55607840884885848388
4.4189501372591442    -1.8479910447028669    3.56005731173560021111
4.4189501372591407    -1.8479910447028660    3.56377927918294177818
4.4189501372591380    -1.8479910447028649    3.56781925415310624495
4.4189501372591353    -1.8479910447028640    3.57112130120502791592
4.4189501372591327    -1.8479910447028629    3.57552770944349227128
4.4189501372591300    -1.8479910447028620    3.57889620562677509413
4.4189501372591273    -1.8479910447028609    3.58244921564988006465
4.4189501372591238    -1.8479910447028600    3.58558612362554157910
4.4189501372591211    -1.8479910447028589    3.58829443927174316959
4.4189501372591176    -1.8479910447028580    3.59283734759942612004
4.4189501372591149    -1.8479910447028569    3.59510758915007838806
4.4189501372591122    -1.8479910447028560    3.59889994757545279955
4.4189501372591087    -1.8479910447028549    3.60266601585465314492
4.4189501372591060    -1.8479910447028542    3.60437849177049178312
4.4189501372591034    -1.8479910447028529    3.60731070765454185320
4.4189501372590998    -1.8479910447028518    3.61133420517985873370
4.4189501372590971    -1.8479910447028509    3.61353100568780770396
4.4189501372590936    -1.8479910447028498    3.61709492812924816342
4.4189501372590909    -1.8479910447028489    3.62001034673151978762
4.4189501372590883    -1.8479910447028478    3.62257160263004866969
4.4189501372590847    -1.8479910447028458    3.62514970357866350486
4.4189501372590829    -1.8479910447028451    3.62769659842336413512
4.4189501372590803    -1.8479910447028438    3.62975830976581460082
4.4189501372590767    -1.8479910447028431    3.63223320640433786880
4.4189501372590740    -1.8479910447028418    3.63492156460872041903
4.4189501372590714    -1.8479910447028411    3.63597561651239335441
4.4189501372590678    -1.8479910447028400    3.63887740925033111093
4.4189501372590652    -1.8479910447028391    3.64112864743955115727
4.4189501372590616    -1.8479910447028380    3.64242925347346849078
4.4189501372590589    -1.8479910447028371    3.64469410026250691462
4.4189501372590589    -1.8479910447028360    3.64464454820818673756
4.4189501372590563    -1.8479910447028352    3.64618362288706098048
4.4189501372590527    -1.8479910447028340    3.64831175471106460787
4.4189501372590501    -1.8479910447028332    3.65026844515326441315
4.4189501372590474    -1.8479910447028320    3.65177108343446758798
4.4189501372590438    -1.8479910447028312    3.65299906210249065107
4.4189501372590412    -1.8479910447028300    3.65378867030268571605
4.4189501372590376    -1.8479910447028292    3.65593441043449257221
4.4189501372590350    -1.8479910447028272    3.65707658507068667842
4.4189501372590332    -1.8479910447028260    3.65754247849556750078
4.4189501372590296    -1.8479910447028249    3.65998261293970894169
4.4189501372590270    -1.8479910447028240    3.66003591631297971816
4.4189501372590243    -1.8479910447028229    3.66144769145478440257
4.4189501372590207    -1.8479910447028220    3.66217488617126631458
4.4189501372590181    -1.8479910447028201    3.66236288534763345694
4.4189501372590154    -1.8479910447028189    3.66318794494829492168
4.4189501372590119    -1.8479910447028181    3.66400365225151591051
4.4189501372590092    -1.8479910447028169    3.66496272011158270680
4.4189501372590057    -1.8479910447028161    3.66478708524650992643
4.4189501372590030    -1.8479910447028141    3.66571928525188480059
4.4189501372590003    -1.8479910447028129    3.66510054157993757015
4.4189501372589968    -1.8479910447028121    3.66572094290547302272
4.4189501372589941    -1.8479910447028109    3.66513645138179362630
4.4189501372589914    -1.8479910447028101    3.66664662436868461553
4.4189501372589879    -1.8479910447028081    3.66609442223554022927
4.4189501372589852    -1.8479910447028070    3.66732910028196655594
4.4189501372589826    -1.8479910447028061    3.66514106383305333491
4.4189501372589799    -1.8479910447028050    3.66446188812950881305
4.4189501372589772    -1.8479910447028041    3.66555788246857448451
4.4189501372589737    -1.8479910447028021    3.66471736674742617048
4.4189501372589710    -1.8479910447028010    3.66413612768343759248
4.4189501372589683    -1.8479910447028001    3.66301540974128304624
4.4189501372589648    -1.8479910447027990    3.66336760538344118521
4.4189501372589621    -1.8479910447027970    3.66186926007975591460
4.4189501372589586    -1.8479910447027958    3.66116127032079015824


