-4.1033108417405574
-4.1033108417405573
-4.1033108417405573
-4.1033108417405572
-4.1033108417405571
-4.103310841740557
-4.103310841740557
-4.1033108417405569
-4.1033108417405568
-4.1033108417405568
-4.1033108417405567
-4.1033108417405566
-4.1033108417405566
-4.1033108417405565
-4.1033108417405564
-4.1033108417405564
-4.1033108417405563
-4.1033108417405562
-4.1033108417405561
-4.1033108417405561
-4.103310841740556
-4.1033108417405559
-4.1033108417405559
-4.1033108417405558
-4.1033108417405557
-4.1033108417405556
-4.1033108417405556
-4.1033108417405555
-4.1033108417405554
-4.1033108417405554
-4.1033108417405553
-4.1033108417405552
-4.1033108417405552
-4.1033108417405551
-4.103310841740555
-4.103310841740555
-4.1033108417405549
-4.1033108417405548
-4.1033108417405547
-4.1033108417405547
-4.1033108417405546
-4.1033108417405545
-4.1033108417405545
-4.1033108417405545
-4.1033108417405544
-4.1033108417405543
-4.1033108417405542
-4.1033108417405542
-4.1033108417405541
-4.103310841740554
-4.103310841740554
-4.1033108417405539