-3.859379290111011
-3.858791054816893
-3.858202819522776
-3.857614584228658
-3.85702634893454
-3.856438113640423
-3.855849878346305
-3.855261643052187
-3.85467340775807
-3.854085172463952
-3.853496937169835
-3.852908701875717
-3.852320466581599
-3.851732231287482
-3.851143995993364
-3.850555760699246
-3.849967525405129
-3.849379290111011
-3.848791054816893
-3.848202819522776
-3.847614584228658
-3.84702634893454
-3.846438113640423
-3.845849878346305
-3.845261643052187
-3.84467340775807
-3.844085172463952
-3.843496937169835
-3.842908701875717
-3.842320466581599
-3.841732231287482
-3.841143995993364
-3.840555760699246
-3.839967525405129
-3.839379290111011
-3.839379290111011
-3.838791054816893
-3.838202819522776
-3.837614584228658
-3.83702634893454
-3.836438113640423
-3.835849878346305
-3.835261643052187
-3.83467340775807
-3.834085172463952
-3.833496937169835
-3.832908701875717
-3.832320466581599
-3.831732231287482
-3.831143995993364
-3.830555760699246
-3.829967525405129
-3.829379290111011
-3.828791054816893
-3.828202819522776
-3.827614584228658
-3.82702634893454
-3.826438113640423
-3.825849878346305
-3.825261643052187
-3.82467340775807
-3.824085172463952
-3.823496937169835
-3.822908701875717
-3.822320466581599
-3.821732231287482
-3.821143995993364
-3.820555760699246
-3.819967525405129
-3.819379290111011