-3.841379290111011
-3.841320466581599
-3.841261643052187
-3.841202819522776
-3.841143995993364
-3.841085172463952
-3.84102634893454
-3.840967525405129
-3.840908701875717
-3.840849878346305
-3.840791054816893
-3.840732231287482
-3.84067340775807
-3.840614584228658
-3.840555760699246
-3.840496937169835
-3.840438113640423
-3.840379290111011
-3.840320466581599
-3.840261643052187
-3.840202819522776
-3.840143995993364
-3.840085172463952
-3.84002634893454
-3.839967525405129
-3.839908701875717
-3.839849878346305
-3.839791054816893
-3.839732231287482
-3.83967340775807
-3.839614584228658
-3.839555760699246
-3.839496937169835
-3.839438113640423
-3.839379290111011
-3.839379290111011
-3.839320466581599
-3.839261643052187
-3.839202819522776
-3.839143995993364
-3.839085172463952
-3.83902634893454
-3.838967525405129
-3.838908701875717
-3.838849878346305
-3.838791054816893
-3.838732231287482
-3.83867340775807
-3.838614584228658
-3.838555760699246
-3.838496937169835
-3.838438113640423
-3.838379290111011
-3.838320466581599
-3.838261643052187
-3.838202819522776
-3.838143995993364
-3.838085172463952
-3.83802634893454
-3.837967525405129
-3.837908701875717
-3.837849878346305
-3.837791054816893
-3.837732231287482
-3.83767340775807
-3.837614584228658
-3.837555760699246
-3.837496937169835
-3.837438113640423
-3.837379290111011