-3.839419290111011
-3.839418113640423
-3.839416937169835
-3.839415760699246
-3.839414584228658
-3.83941340775807
-3.839412231287482
-3.839411054816893
-3.839409878346305
-3.839408701875717
-3.839407525405129
-3.83940634893454
-3.839405172463952
-3.839403995993364
-3.839402819522776
-3.839401643052187
-3.839400466581599
-3.839399290111011
-3.839398113640423
-3.839396937169835
-3.839395760699246
-3.839394584228658
-3.83939340775807
-3.839392231287482
-3.839391054816893
-3.839389878346305
-3.839388701875717
-3.839387525405129
-3.83938634893454
-3.839385172463952
-3.839383995993364
-3.839382819522776
-3.839381643052187
-3.839380466581599
-3.839379290111011
-3.839379290111011
-3.839378113640423
-3.839376937169835
-3.839375760699246
-3.839374584228658
-3.83937340775807
-3.839372231287482
-3.839371054816893
-3.839369878346305
-3.839368701875717
-3.839367525405129
-3.83936634893454
-3.839365172463952
-3.839363995993364
-3.839362819522776
-3.839361643052187
-3.839360466581599
-3.839359290111011
-3.839358113640423
-3.839356937169835
-3.839355760699246
-3.839354584228658
-3.83935340775807
-3.839352231287482
-3.839351054816893
-3.839349878346305
-3.839348701875717
-3.839347525405129
-3.83934634893454
-3.839345172463952
-3.839343995993364
-3.839342819522776
-3.839341643052187
-3.839340466581599
-3.839339290111011