-3.839379990111011
-3.839379969522776
-3.83937994893454
-3.839379928346305
-3.83937990775807
-3.839379887169835
-3.839379866581599
-3.839379845993364
-3.839379825405129
-3.839379804816893
-3.839379784228658
-3.839379763640423
-3.839379743052187
-3.839379722463952
-3.839379701875717
-3.839379681287482
-3.839379660699246
-3.839379640111011
-3.839379619522776
-3.83937959893454
-3.839379578346305
-3.83937955775807
-3.839379537169835
-3.839379516581599
-3.839379495993364
-3.839379475405129
-3.839379454816893
-3.839379434228658
-3.839379413640423
-3.839379393052187
-3.839379372463952
-3.839379351875717
-3.839379331287482
-3.839379310699246
-3.839379290111011
-3.839379290111011
-3.839379269522776
-3.83937924893454
-3.839379228346305
-3.83937920775807
-3.839379187169835
-3.839379166581599
-3.839379145993364
-3.839379125405129
-3.839379104816893
-3.839379084228658
-3.839379063640423
-3.839379043052187
-3.839379022463952
-3.839379001875717
-3.839378981287482
-3.839378960699246
-3.839378940111011
-3.839378919522776
-3.83937889893454
-3.839378878346305
-3.83937885775807
-3.839378837169835
-3.839378816581599
-3.839378795993364
-3.839378775405129
-3.839378754816893
-3.839378734228658
-3.839378713640423
-3.839378693052187
-3.839378672463952
-3.839378651875717
-3.839378631287482
-3.839378610699246
-3.839378590111011