-3.839379300111011
-3.839379299816893
-3.839379299522776
-3.839379299228658
-3.83937929893454
-3.839379298640423
-3.839379298346305
-3.839379298052187
-3.83937929775807
-3.839379297463952
-3.839379297169835
-3.839379296875717
-3.839379296581599
-3.839379296287482
-3.839379295993364
-3.839379295699246
-3.839379295405129
-3.839379295111011
-3.839379294816893
-3.839379294522776
-3.839379294228658
-3.83937929393454
-3.839379293640423
-3.839379293346305
-3.839379293052187
-3.83937929275807
-3.839379292463952
-3.839379292169835
-3.839379291875717
-3.839379291581599
-3.839379291287482
-3.839379290993364
-3.839379290699246
-3.839379290405129
-3.839379290111011
-3.839379290111011
-3.839379289816893
-3.839379289522776
-3.839379289228658
-3.83937928893454
-3.839379288640423
-3.839379288346305
-3.839379288052187
-3.83937928775807
-3.839379287463952
-3.839379287169835
-3.839379286875717
-3.839379286581599
-3.839379286287482
-3.839379285993364
-3.839379285699246
-3.839379285405129
-3.839379285111011
-3.839379284816893
-3.839379284522776
-3.839379284228658
-3.83937928393454
-3.839379283640423
-3.839379283346305
-3.839379283052187
-3.83937928275807
-3.839379282463952
-3.839379282169835
-3.839379281875717
-3.839379281581599
-3.839379281287482
-3.839379280993364
-3.839379280699246
-3.839379280405129
-3.839379280111011