-3.839379290171011
-3.839379290169246
-3.839379290167482
-3.839379290165717
-3.839379290163952
-3.839379290162187
-3.839379290160423
-3.839379290158658
-3.839379290156893
-3.839379290155129
-3.839379290153364
-3.839379290151599
-3.839379290149835
-3.83937929014807
-3.839379290146305
-3.83937929014454
-3.839379290142776
-3.839379290141011
-3.839379290139246
-3.839379290137482
-3.839379290135717
-3.839379290133952
-3.839379290132187
-3.839379290130423
-3.839379290128658
-3.839379290126893
-3.839379290125129
-3.839379290123364
-3.839379290121599
-3.839379290119835
-3.83937929011807
-3.839379290116305
-3.83937929011454
-3.839379290112776
-3.839379290111011
-3.839379290111011
-3.839379290109246
-3.839379290107482
-3.839379290105717
-3.839379290103952
-3.839379290102187
-3.839379290100423
-3.839379290098658
-3.839379290096893
-3.839379290095129
-3.839379290093364
-3.839379290091599
-3.839379290089835
-3.83937929008807
-3.839379290086305
-3.83937929008454
-3.839379290082776
-3.839379290081011
-3.839379290079246
-3.839379290077482
-3.839379290075717
-3.839379290073952
-3.839379290072187
-3.839379290070423
-3.839379290068658
-3.839379290066893
-3.839379290065129
-3.839379290063364
-3.839379290061599
-3.839379290059835
-3.83937929005807
-3.839379290056305
-3.83937929005454
-3.839379290052776
-3.839379290051011