-3.839379290111811
-3.839379290111787
-3.839379290111764
-3.83937929011174
-3.839379290111717
-3.839379290111693
-3.83937929011167
-3.839379290111646
-3.839379290111623
-3.839379290111599
-3.839379290111576
-3.839379290111552
-3.839379290111529
-3.839379290111505
-3.839379290111482
-3.839379290111458
-3.839379290111435
-3.839379290111411
-3.839379290111387
-3.839379290111364
-3.83937929011134
-3.839379290111317
-3.839379290111293
-3.83937929011127
-3.839379290111246
-3.839379290111223
-3.839379290111199
-3.839379290111176
-3.839379290111152
-3.839379290111129
-3.839379290111105
-3.839379290111082
-3.839379290111058
-3.839379290111035
-3.839379290111011
-3.839379290111011
-3.839379290110987
-3.839379290110964
-3.83937929011094
-3.839379290110917
-3.839379290110893
-3.83937929011087
-3.839379290110846
-3.839379290110823
-3.839379290110799
-3.839379290110776
-3.839379290110752
-3.839379290110729
-3.839379290110705
-3.839379290110682
-3.839379290110658
-3.839379290110635
-3.839379290110611
-3.839379290110587
-3.839379290110564
-3.83937929011054
-3.839379290110517
-3.839379290110493
-3.83937929011047
-3.839379290110446
-3.839379290110423
-3.839379290110399
-3.839379290110376
-3.839379290110352
-3.839379290110329
-3.839379290110305
-3.839379290110282
-3.839379290110258
-3.839379290110235
-3.839379290110211