-4.789195982030647
-4.789137158501235
-4.789078334971823
-4.789019511442412
-4.788960687913
-4.788901864383588
-4.788843040854176
-4.788784217324765
-4.788725393795353
-4.788666570265941
-4.788607746736529
-4.788548923207118
-4.788490099677706
-4.788431276148294
-4.788372452618882
-4.788313629089471
-4.788254805560059
-4.788195982030647
-4.788137158501235
-4.788078334971823
-4.788019511442412
-4.787960687913
-4.787901864383588
-4.787843040854176
-4.787784217324765
-4.787725393795353
-4.787666570265941
-4.787607746736529
-4.787548923207118
-4.787490099677706
-4.787431276148294
-4.787372452618882
-4.787313629089471
-4.787254805560059
-4.787195982030647
-4.787195982030647
-4.787137158501235
-4.787078334971823
-4.787019511442412
-4.786960687913
-4.786901864383588
-4.786843040854176
-4.786784217324765
-4.786725393795353
-4.786666570265941
-4.786607746736529
-4.786548923207118
-4.786490099677706
-4.786431276148294
-4.786372452618882
-4.786313629089471
-4.786254805560059
-4.786195982030647
-4.786137158501235
-4.786078334971823
-4.786019511442412
-4.785960687913
-4.785901864383588
-4.785843040854176
-4.785784217324765
-4.785725393795353
-4.785666570265941
-4.785607746736529
-4.785548923207118
-4.785490099677706
-4.785431276148294
-4.785372452618882
-4.785313629089471
-4.785254805560059
-4.785195982030647