-4.438950137259059
-4.438361901964941
-4.437773666670824
-4.437185431376706
-4.436597196082588
-4.436008960788471
-4.435420725494353
-4.434832490200235
-4.434244254906118
-4.433656019612
-4.433067784317883
-4.432479549023765
-4.431891313729647
-4.43130307843553
-4.430714843141412
-4.430126607847294
-4.429538372553177
-4.428950137259059
-4.428361901964941
-4.427773666670824
-4.427185431376706
-4.426597196082588
-4.426008960788471
-4.425420725494353
-4.424832490200235
-4.424244254906118
-4.423656019612
-4.423067784317883
-4.422479549023765
-4.421891313729647
-4.42130307843553
-4.420714843141412
-4.420126607847294
-4.419538372553177
-4.418950137259059
-4.418950137259059
-4.418361901964941
-4.417773666670824
-4.417185431376706
-4.416597196082588
-4.416008960788471
-4.415420725494353
-4.414832490200235
-4.414244254906118
-4.413656019612
-4.413067784317883
-4.412479549023765
-4.411891313729647
-4.41130307843553
-4.410714843141412
-4.410126607847294
-4.409538372553177
-4.408950137259059
-4.408361901964941
-4.407773666670824
-4.407185431376706
-4.406597196082588
-4.406008960788471
-4.405420725494353
-4.404832490200235
-4.404244254906118
-4.403656019612
-4.403067784317883
-4.402479549023765
-4.401891313729647
-4.40130307843553
-4.400714843141412
-4.400126607847294
-4.399538372553177
-4.398950137259059