-4.420950137259059
-4.420891313729647
-4.420832490200235
-4.420773666670824
-4.420714843141412
-4.420656019612
-4.420597196082588
-4.420538372553177
-4.420479549023765
-4.420420725494353
-4.420361901964941
-4.42030307843553
-4.420244254906118
-4.420185431376706
-4.420126607847294
-4.420067784317883
-4.420008960788471
-4.419950137259059
-4.419891313729647
-4.419832490200235
-4.419773666670824
-4.419714843141412
-4.419656019612
-4.419597196082588
-4.419538372553177
-4.419479549023765
-4.419420725494353
-4.419361901964941
-4.41930307843553
-4.419244254906118
-4.419185431376706
-4.419126607847294
-4.419067784317883
-4.419008960788471
-4.418950137259059
-4.418950137259059
-4.418891313729647
-4.418832490200235
-4.418773666670824
-4.418714843141412
-4.418656019612
-4.418597196082588
-4.418538372553177
-4.418479549023765
-4.418420725494353
-4.418361901964941
-4.41830307843553
-4.418244254906118
-4.418185431376706
-4.418126607847294
-4.418067784317883
-4.418008960788471
-4.417950137259059
-4.417891313729647
-4.417832490200235
-4.417773666670824
-4.417714843141412
-4.417656019612
-4.417597196082588
-4.417538372553177
-4.417479549023765
-4.417420725494353
-4.417361901964941
-4.41730307843553
-4.417244254906118
-4.417185431376706
-4.417126607847294
-4.417067784317883
-4.417008960788471
-4.416950137259059