-4.418990137259059
-4.418988960788471
-4.418987784317883
-4.418986607847294
-4.418985431376706
-4.418984254906118
-4.41898307843553
-4.418981901964941
-4.418980725494353
-4.418979549023765
-4.418978372553177
-4.418977196082588
-4.418976019612
-4.418974843141412
-4.418973666670824
-4.418972490200235
-4.418971313729647
-4.418970137259059
-4.418968960788471
-4.418967784317883
-4.418966607847294
-4.418965431376706
-4.418964254906118
-4.41896307843553
-4.418961901964941
-4.418960725494353
-4.418959549023765
-4.418958372553177
-4.418957196082588
-4.418956019612
-4.418954843141412
-4.418953666670824
-4.418952490200235
-4.418951313729647
-4.418950137259059
-4.418950137259059
-4.418948960788471
-4.418947784317883
-4.418946607847294
-4.418945431376706
-4.418944254906118
-4.41894307843553
-4.418941901964941
-4.418940725494353
-4.418939549023765
-4.418938372553177
-4.418937196082588
-4.418936019612
-4.418934843141412
-4.418933666670824
-4.418932490200235
-4.418931313729647
-4.418930137259059
-4.418928960788471
-4.418927784317883
-4.418926607847294
-4.418925431376706
-4.418924254906118
-4.41892307843553
-4.418921901964941
-4.418920725494353
-4.418919549023765
-4.418918372553177
-4.418917196082588
-4.418916019612
-4.418914843141412
-4.418913666670824
-4.418912490200235
-4.418911313729647
-4.418910137259059