-4.418950837259059
-4.418950816670824
-4.418950796082588
-4.418950775494353
-4.418950754906118
-4.418950734317883
-4.418950713729647
-4.418950693141412
-4.418950672553177
-4.418950651964941
-4.418950631376706
-4.418950610788471
-4.418950590200235
-4.418950569612
-4.418950549023765
-4.41895052843553
-4.418950507847294
-4.418950487259059
-4.418950466670824
-4.418950446082588
-4.418950425494353
-4.418950404906118
-4.418950384317883
-4.418950363729647
-4.418950343141412
-4.418950322553177
-4.418950301964941
-4.418950281376706
-4.418950260788471
-4.418950240200235
-4.418950219612
-4.418950199023765
-4.41895017843553
-4.418950157847294
-4.418950137259059
-4.418950137259059
-4.418950116670824
-4.418950096082588
-4.418950075494353
-4.418950054906118
-4.418950034317883
-4.418950013729647
-4.418949993141412
-4.418949972553177
-4.418949951964941
-4.418949931376706
-4.418949910788471
-4.418949890200235
-4.418949869612
-4.418949849023765
-4.41894982843553
-4.418949807847294
-4.418949787259059
-4.418949766670824
-4.418949746082588
-4.418949725494353
-4.418949704906118
-4.418949684317883
-4.418949663729647
-4.418949643141412
-4.418949622553177
-4.418949601964941
-4.418949581376706
-4.418949560788471
-4.418949540200235
-4.418949519612
-4.418949499023765
-4.41894947843553
-4.418949457847294
-4.418949437259059