-4.418950147259059
-4.418950146964941
-4.418950146670824
-4.418950146376706
-4.418950146082588
-4.418950145788471
-4.418950145494353
-4.418950145200235
-4.418950144906118
-4.418950144612
-4.418950144317883
-4.418950144023765
-4.418950143729647
-4.41895014343553
-4.418950143141412
-4.418950142847294
-4.418950142553177
-4.418950142259059
-4.418950141964941
-4.418950141670824
-4.418950141376706
-4.418950141082588
-4.418950140788471
-4.418950140494353
-4.418950140200235
-4.418950139906118
-4.418950139612
-4.418950139317883
-4.418950139023765
-4.418950138729647
-4.41895013843553
-4.418950138141412
-4.418950137847294
-4.418950137553177
-4.418950137259059
-4.418950137259059
-4.418950136964941
-4.418950136670824
-4.418950136376706
-4.418950136082588
-4.418950135788471
-4.418950135494353
-4.418950135200235
-4.418950134906118
-4.418950134612
-4.418950134317883
-4.418950134023765
-4.418950133729647
-4.41895013343553
-4.418950133141412
-4.418950132847294
-4.418950132553177
-4.418950132259059
-4.418950131964941
-4.418950131670824
-4.418950131376706
-4.418950131082588
-4.418950130788471
-4.418950130494353
-4.418950130200235
-4.418950129906118
-4.418950129612
-4.418950129317883
-4.418950129023765
-4.418950128729647
-4.41895012843553
-4.418950128141412
-4.418950127847294
-4.418950127553177
-4.418950127259059