-4.418950137309059
-4.418950137307588
-4.418950137306118
-4.418950137304647
-4.418950137303177
-4.418950137301706
-4.418950137300235
-4.418950137298765
-4.418950137297294
-4.418950137295824
-4.418950137294353
-4.418950137292883
-4.418950137291412
-4.418950137289941
-4.418950137288471
-4.418950137287
-4.41895013728553
-4.418950137284059
-4.418950137282588
-4.418950137281118
-4.418950137279647
-4.418950137278177
-4.418950137276706
-4.418950137275235
-4.418950137273765
-4.418950137272294
-4.418950137270824
-4.418950137269353
-4.418950137267883
-4.418950137266412
-4.418950137264941
-4.418950137263471
-4.418950137262
-4.41895013726053
-4.418950137259059
-4.418950137259059
-4.418950137257588
-4.418950137256118
-4.418950137254647
-4.418950137253177
-4.418950137251706
-4.418950137250235
-4.418950137248765
-4.418950137247294
-4.418950137245824
-4.418950137244353
-4.418950137242883
-4.418950137241412
-4.418950137239941
-4.418950137238471
-4.418950137237
-4.41895013723553
-4.418950137234059
-4.418950137232588
-4.418950137231118
-4.418950137229647
-4.418950137228177
-4.418950137226706
-4.418950137225235
-4.418950137223765
-4.418950137222294
-4.418950137220824
-4.418950137219353
-4.418950137217883
-4.418950137216412
-4.418950137214941
-4.418950137213471
-4.418950137212
-4.41895013721053
-4.418950137209059