-4.418950137259359
-4.41895013725935
-4.418950137259341
-4.418950137259333
-4.418950137259324
-4.418950137259315
-4.418950137259306
-4.418950137259297
-4.418950137259288
-4.41895013725928
-4.418950137259271
-4.418950137259262
-4.418950137259253
-4.418950137259244
-4.418950137259235
-4.418950137259227
-4.418950137259218
-4.418950137259209
-4.4189501372592
-4.418950137259191
-4.418950137259183
-4.418950137259174
-4.418950137259165
-4.418950137259156
-4.418950137259147
-4.418950137259138
-4.41895013725913
-4.418950137259121
-4.418950137259112
-4.418950137259103
-4.418950137259094
-4.418950137259085
-4.418950137259077
-4.418950137259068
-4.418950137259059
-4.418950137259059
-4.41895013725905
-4.418950137259041
-4.418950137259033
-4.418950137259024
-4.418950137259015
-4.418950137259006
-4.418950137258997
-4.418950137258988
-4.41895013725898
-4.418950137258971
-4.418950137258962
-4.418950137258953
-4.418950137258944
-4.418950137258935
-4.418950137258927
-4.418950137258918
-4.418950137258909
-4.4189501372589
-4.418950137258891
-4.418950137258883
-4.418950137258874
-4.418950137258865
-4.418950137258856
-4.418950137258847
-4.418950137258838
-4.41895013725883
-4.418950137258821
-4.418950137258812
-4.418950137258803
-4.418950137258794
-4.418950137258785
-4.418950137258777
-4.418950137258768
-4.418950137258759