-1.934878392812259
-1.934290157518141
-1.933701922224024
-1.933113686929906
-1.932525451635788
-1.931937216341671
-1.931348981047553
-1.930760745753435
-1.930172510459318
-1.9295842751652
-1.928996039871083
-1.928407804576965
-1.927819569282847
-1.92723133398873
-1.926643098694612
-1.926054863400494
-1.925466628106377
-1.924878392812259
-1.924290157518141
-1.923701922224024
-1.923113686929906
-1.922525451635788
-1.921937216341671
-1.921348981047553
-1.920760745753435
-1.920172510459318
-1.9195842751652
-1.918996039871083
-1.918407804576965
-1.917819569282847
-1.91723133398873
-1.916643098694612
-1.916054863400494
-1.915466628106377
-1.914878392812259
-1.914878392812259
-1.914290157518141
-1.913701922224024
-1.913113686929906
-1.912525451635788
-1.911937216341671
-1.911348981047553
-1.910760745753435
-1.910172510459318
-1.9095842751652
-1.908996039871083
-1.908407804576965
-1.907819569282847
-1.90723133398873
-1.906643098694612
-1.906054863400494
-1.905466628106377
-1.904878392812259
-1.904290157518141
-1.903701922224024
-1.903113686929906
-1.902525451635788
-1.901937216341671
-1.901348981047553
-1.900760745753435
-1.900172510459318
-1.8995842751652
-1.898996039871083
-1.898407804576965
-1.897819569282847
-1.89723133398873
-1.896643098694612
-1.896054863400494
-1.895466628106377
-1.894878392812259