-1.916878392812259
-1.916819569282847
-1.916760745753435
-1.916701922224024
-1.916643098694612
-1.9165842751652
-1.916525451635788
-1.916466628106377
-1.916407804576965
-1.916348981047553
-1.916290157518141
-1.91623133398873
-1.916172510459318
-1.916113686929906
-1.916054863400494
-1.915996039871083
-1.915937216341671
-1.915878392812259
-1.915819569282847
-1.915760745753435
-1.915701922224024
-1.915643098694612
-1.9155842751652
-1.915525451635788
-1.915466628106377
-1.915407804576965
-1.915348981047553
-1.915290157518141
-1.91523133398873
-1.915172510459318
-1.915113686929906
-1.915054863400494
-1.914996039871083
-1.914937216341671
-1.914878392812259
-1.914878392812259
-1.914819569282847
-1.914760745753435
-1.914701922224024
-1.914643098694612
-1.9145842751652
-1.914525451635788
-1.914466628106377
-1.914407804576965
-1.914348981047553
-1.914290157518141
-1.91423133398873
-1.914172510459318
-1.914113686929906
-1.914054863400494
-1.913996039871083
-1.913937216341671
-1.913878392812259
-1.913819569282847
-1.913760745753435
-1.913701922224024
-1.913643098694612
-1.9135842751652
-1.913525451635788
-1.913466628106377
-1.913407804576965
-1.913348981047553
-1.913290157518141
-1.91323133398873
-1.913172510459318
-1.913113686929906
-1.913054863400494
-1.912996039871083
-1.912937216341671
-1.912878392812259