-1.914918392812259
-1.914917216341671
-1.914916039871083
-1.914914863400494
-1.914913686929906
-1.914912510459318
-1.91491133398873
-1.914910157518141
-1.914908981047553
-1.914907804576965
-1.914906628106377
-1.914905451635788
-1.9149042751652
-1.914903098694612
-1.914901922224024
-1.914900745753435
-1.914899569282847
-1.914898392812259
-1.914897216341671
-1.914896039871083
-1.914894863400494
-1.914893686929906
-1.914892510459318
-1.91489133398873
-1.914890157518141
-1.914888981047553
-1.914887804576965
-1.914886628106377
-1.914885451635788
-1.9148842751652
-1.914883098694612
-1.914881922224024
-1.914880745753435
-1.914879569282847
-1.914878392812259
-1.914878392812259
-1.914877216341671
-1.914876039871083
-1.914874863400494
-1.914873686929906
-1.914872510459318
-1.91487133398873
-1.914870157518141
-1.914868981047553
-1.914867804576965
-1.914866628106377
-1.914865451635788
-1.9148642751652
-1.914863098694612
-1.914861922224024
-1.914860745753435
-1.914859569282847
-1.914858392812259
-1.914857216341671
-1.914856039871083
-1.914854863400494
-1.914853686929906
-1.914852510459318
-1.91485133398873
-1.914850157518141
-1.914848981047553
-1.914847804576965
-1.914846628106377
-1.914845451635788
-1.9148442751652
-1.914843098694612
-1.914841922224024
-1.914840745753435
-1.914839569282847
-1.914838392812259