-1.914879092812259
-1.914879072224024
-1.914879051635788
-1.914879031047553
-1.914879010459318
-1.914878989871083
-1.914878969282847
-1.914878948694612
-1.914878928106377
-1.914878907518141
-1.914878886929906
-1.914878866341671
-1.914878845753435
-1.9148788251652
-1.914878804576965
-1.91487878398873
-1.914878763400494
-1.914878742812259
-1.914878722224024
-1.914878701635788
-1.914878681047553
-1.914878660459318
-1.914878639871083
-1.914878619282847
-1.914878598694612
-1.914878578106377
-1.914878557518141
-1.914878536929906
-1.914878516341671
-1.914878495753435
-1.9148784751652
-1.914878454576965
-1.91487843398873
-1.914878413400494
-1.914878392812259
-1.914878392812259
-1.914878372224024
-1.914878351635788
-1.914878331047553
-1.914878310459318
-1.914878289871083
-1.914878269282847
-1.914878248694612
-1.914878228106377
-1.914878207518141
-1.914878186929906
-1.914878166341671
-1.914878145753435
-1.9148781251652
-1.914878104576965
-1.91487808398873
-1.914878063400494
-1.914878042812259
-1.914878022224024
-1.914878001635788
-1.914877981047553
-1.914877960459318
-1.914877939871083
-1.914877919282847
-1.914877898694612
-1.914877878106377
-1.914877857518141
-1.914877836929906
-1.914877816341671
-1.914877795753435
-1.9148777751652
-1.914877754576965
-1.91487773398873
-1.914877713400494
-1.914877692812259