-1.914878394576965
-1.914878394520737
-1.914878394464508
-1.91487839440828
-1.914878394352051
-1.914878394295823
-1.914878394239595
-1.914878394183366
-1.914878394127138
-1.91487839407091
-1.914878394014681
-1.914878393958453
-1.914878393902224
-1.914878393845996
-1.914878393789768
-1.914878393733539
-1.914878393677311
-1.914878393621082
-1.914878393564854
-1.914878393508626
-1.914878393452397
-1.914878393396169
-1.914878393339941
-1.914878393283712
-1.914878393227484
-1.914878393171255
-1.914878393115027
-1.914878393058799
-1.91487839300257
-1.914878392946342
-1.914878392890114
-1.914878392833885
-1.914878392812259
-1.914878392777657
-1.914878392721428
-1.9148783926652
-1.914878392608972
-1.914878392552743
-1.914878392496515
-1.914878392440286
-1.914878392384058
-1.91487839232783
-1.914878392271601
-1.914878392215373
-1.914878392159145
-1.914878392102916
-1.914878392046688
-1.914878391990459
-1.914878391934231
-1.914878391878003
-1.914878391821774
-1.914878391765546
-1.914878391709318
-1.914878391653089
-1.914878391596861
-1.914878391540632
-1.914878391484404
-1.914878391428176
-1.914878391371947
-1.914878391315719
-1.91487839125949
-1.914878391203262
-1.914878391147034
-1.914878391090805
-1.914878391034577
-1.914878390978349
-1.91487839092212
-1.914878390865892
-1.914878390809663
-1.914878390753435