-1.914878392814906
-1.914878392814828
-1.91487839281475
-1.914878392814672
-1.914878392814595
-1.914878392814517
-1.914878392814439
-1.914878392814361
-1.914878392814283
-1.914878392814205
-1.914878392814127
-1.91487839281405
-1.914878392813972
-1.914878392813894
-1.914878392813816
-1.914878392813738
-1.91487839281366
-1.914878392813582
-1.914878392813505
-1.914878392813427
-1.914878392813349
-1.914878392813271
-1.914878392813193
-1.914878392813115
-1.914878392813038
-1.91487839281296
-1.914878392812882
-1.914878392812804
-1.914878392812726
-1.914878392812648
-1.91487839281257
-1.914878392812493
-1.914878392812415
-1.914878392812337
-1.914878392812259
-1.914878392812259
-1.914878392812181
-1.914878392812103
-1.914878392812025
-1.914878392811948
-1.91487839281187
-1.914878392811792
-1.914878392811714
-1.914878392811636
-1.914878392811558
-1.91487839281148
-1.914878392811403
-1.914878392811325
-1.914878392811247
-1.914878392811169
-1.914878392811091
-1.914878392811013
-1.914878392810936
-1.914878392810858
-1.91487839281078
-1.914878392810702
-1.914878392810624
-1.914878392810546
-1.914878392810468
-1.914878392810391
-1.914878392810313
-1.914878392810235
-1.914878392810157
-1.914878392810079
-1.914878392810001
-1.914878392809923
-1.914878392809846
-1.914878392809768
-1.91487839280969
-1.914878392809612