-1.914878392812265
-1.914878392812265
-1.914878392812265
-1.914878392812265
-1.914878392812264
-1.914878392812264
-1.914878392812264
-1.914878392812264
-1.914878392812264
-1.914878392812264
-1.914878392812264
-1.914878392812264
-1.914878392812263
-1.914878392812263
-1.914878392812263
-1.914878392812263
-1.914878392812263
-1.914878392812263
-1.914878392812263
-1.914878392812262
-1.914878392812262
-1.914878392812262
-1.914878392812262
-1.914878392812262
-1.914878392812262
-1.914878392812262
-1.914878392812262
-1.914878392812261
-1.914878392812261
-1.914878392812261
-1.914878392812261
-1.914878392812261
-1.914878392812261
-1.914878392812261
-1.91487839281226
-1.91487839281226
-1.91487839281226
-1.91487839281226
-1.91487839281226
-1.91487839281226
-1.91487839281226
-1.91487839281226
-1.914878392812259
-1.914878392812259
-1.914878392812259
-1.914878392812259
-1.914878392812259
-1.914878392812259
-1.914878392812259
-1.914878392812259
-1.914878392812258
-1.914878392812258
-1.914878392812258
-1.914878392812258
-1.914878392812258
-1.914878392812258
-1.914878392812258
-1.914878392812258
-1.914878392812257
-1.914878392812257
-1.914878392812257
-1.914878392812257
-1.914878392812257
-1.914878392812257
-1.914878392812257
-1.914878392812256
-1.914878392812256
-1.914878392812256
-1.914878392812256
-1.914878392812256