1.	1.0100502512562815
1.01	1.010200258719339
1.02	1.0104473347127796
1.03	1.0107886519978533
1.04	1.0112214920757636
1.05	1.0117432400095716
1.06	1.0123513795392054
1.07	1.0130434884703894
1.08	1.0138172343197467
1.09	1.014670370199622
1.1	1.0156007309273642
1.11	1.0166062293449227
1.12	1.0176848528356066
1.13	1.0188346600257927
1.1400000000000001	1.020053777660231
1.15	1.0213403976403757
1.16	1.022692774215907
1.17	1.0241092213202765
1.18	1.0255881100417341
1.19	1.0271278662218657
1.2	1.0287269681742044
1.21	1.0303839445159682
1.22	1.032097372106434
1.23	1.0338658740858766
1.24	1.0356881180094017
1.25	1.0375628140703517
1.26	1.0394887134083115
1.27	1.041464606497052
1.28	1.0434893216080403
1.29	1.0455617233454093
1.3	1.0476807112485502
1.31	1.0498452184587057
1.32	1.0520542104461703
1.33	1.0543066837949147
1.34	1.056601665041626
1.35	1.0589382095663504
1.3599999999999999	1.0613154005320722
1.37	1.0637323478707406
1.38	1.0661881873133785
1.3900000000000001	1.0686820794620586
1.4	1.071213208901651
1.4100000000000001	1.0737807833493709
1.42	1.0763840328402576
1.43	1.079022208946832
1.44	1.0816945840312673
1.45	1.0844004505285045
1.46	1.0871391202588283
1.47	1.0899099237685024
1.48	1.0927122096971345
1.49	1.0955453441705172
1.5	1.0984087102177553
1.51	1.1013017072115545
1.52	1.1042237503306005
1.53	1.1071742700430256
1.54	1.110152711609998
1.55	1.1131585346085267
1.56	1.1161912124726194
1.57	1.1192502320519797
1.58	1.1223350931874563
1.5899999999999999	1.1254453083025187
1.6	1.1285804020100503
1.6099999999999999	1.1317399107337933
1.62	1.1349233823438178
1.63	1.1381303758054073
1.6400000000000001	1.1413604608407895
1.65	1.1446132176031674
1.6600000000000001	1.1478882363625356
1.67	1.1511851172027803
1.6800000000000002	1.1545034697296006
1.69	1.157842912788796
1.7000000000000002	1.1612030741945019
1.71	1.1645835904669546
1.72	1.1679841065794085
1.73	1.1714042757138292
1.74	1.17484375902501
1.75	1.178302225412778
1.76	1.1817793513019643
1.77	1.185274820429833
1.78	1.1887883236406753
1.79	1.1923195586872912
1.8	1.1958682300390844
1.81	1.1994340486965214
1.82	1.203016732011707
1.83	1.2066160035148419
1.8399999999999999	1.2102315927463405
1.85	1.2138632350943908
1.8599999999999999	1.2175106716377586
1.87	1.2211736489936313
1.88	1.2248519191703195
1.8900000000000001	1.2285452394246363
1.9	1.2322533721237767
1.9100000000000001	1.2359760846115393
1.92	1.239713149078727
1.9300000000000002	1.2434643424375766
1.94	1.2472294462000724
1.9500000000000002	1.2510082463600052
1.96	1.254800533278638
1.97	1.2586061015738592
1.98	1.2624247500126897
1.99	1.2662562814070353
2.	1.270100502512563
2.01	1.273957223930598
2.02	1.277826260012936
2.0300000000000002	1.2817074287694632
2.04	1.2856005517785003
2.05	1.289505454099767
2.06	1.2934219641898816
2.0700000000000003	1.2973499138203093
2.08	1.3012891379976808
2.09	1.3052394748863938
2.1	1.3092007657334293
2.1100000000000003	1.3131728547953037
2.12	1.3171555892670903
2.13	1.3211488192134382
2.14	1.3251523975015262
2.1500000000000004	1.329166179735889
2.16	1.3331900241950494
2.17	1.3372237917699095
2.1799999999999997	1.341267345903831
2.19	1.3453205525343614
2.2	1.3493832800365464
2.21	1.3534553991677847
2.2199999999999998	1.3575367830141698
2.23	1.3616273069382787
2.24	1.365726848528356
2.25	1.3698352875488555
2.26	1.3739525058922932
2.27	1.3780783875323754
2.2800000000000002	1.3822128184783569
2.29	1.3863556867305964
2.3	1.3905068822372733
2.31	1.3946662968522265
2.3200000000000003	1.3988338242938834
2.33	1.4030093601052471
2.34	1.4071928016149122
2.35	1.41138404789907
2.3600000000000003	1.415582999744485
2.37	1.4197895596124082
2.38	1.424003631603395
2.39	1.4282251214230146
2.4000000000000004	1.4324539363484088
2.41	1.436689985195688
2.42	1.4409331782881347
2.4299999999999997	1.4451834274251916
2.44	1.4494406458522118
2.45	1.4537047482309509
2.46	1.4579756506107773
2.4699999999999998	1.4622532704005857
2.48	1.4665375263413845
2.49	1.4708283384795464
2.5	1.4751256281407035
2.51	1.4794293179042624
2.52	1.4837393315785274
2.5300000000000002	1.4880555941764158
2.54	1.4923780318917423
2.55	1.4967065720760664
2.56	1.5010411432160804
2.5700000000000003	1.5053816749115227
2.58	1.5097280978536092
2.59	1.5140803438039618
2.6	1.518438345574024
2.6100000000000003	1.5228020370049484
2.62	1.5271713529479458
2.63	1.5315462292450848
2.64	1.5359266027105225
2.6500000000000004	1.5403124111121647
2.66	1.5447035931537387
2.67	1.5491000884572677
2.6799999999999997	1.5535018375459384
2.69	1.5579087818273523
2.7	1.562320863577145
2.71	1.5667380259229726
2.7199999999999998	1.57116021282885
2.73	1.5755873690798314
2.74	1.580019440267029
2.75	1.5844563727729557
2.76	1.5888981137571916
2.77	1.5933446111423546
2.7800000000000002	1.597795813600376
2.79	1.6022516705390752
2.8	1.6067121320890165
2.81	1.611177149090649
2.8200000000000003	1.6156466730817207
2.83	1.6201206562849584
2.84	1.624599051596008
2.85	1.62908181257163
2.8600000000000003	1.6335688934181398
2.87	1.638060248980092
2.88	1.6425558347292015
2.89	1.6470556067534907
2.9000000000000004	1.6515595217466645
2.91	1.6560675369977034
2.92	1.6605796103806705
2.9299999999999997	1.665095700344727
2.94	1.6696157659043516
2.95	1.674139766629759
2.96	1.6786676626375119
2.9699999999999998	1.6831994145813238
2.98	1.6877349836430475
2.99	1.69227433152384
3.	1.6968174204355109
3.0100000000000002	1.7013642130920383
3.02	1.7059146727012546
3.0300000000000002	1.7104687629566977
3.04	1.7150264480296218
3.05	1.7195876925611664
3.06	1.7241524616546788
3.07	1.7287207208681845
3.08	1.7332924362070092
3.09	1.7378675741165375
3.1	1.7424461014751176
3.11	1.7470279855870994
3.12	1.7516131941760082
3.13	1.7562016953778476
3.14	1.7607934577345326
3.15	1.7653884501874453
3.16	1.769986642071115
3.17	1.7745880031070176
3.18	1.7791925033974907
3.19	1.7838001134197632
3.2	1.7884108040201006
3.21	1.7930245464080528
3.22	1.7976413121508164
3.23	1.802261073167696
3.24	1.8068838017246729
3.25	1.8115094704290684
3.2600000000000002	1.8161380522243118
3.27	1.8207695203847987
3.2800000000000002	1.825403848510847
3.29	1.8300410105237432
3.3000000000000003	1.8346809806608804
3.31	1.8393237334709804
3.32	1.8439692438094084
3.33	1.8486174868335672
3.34	1.853268437998375
3.35	1.8579220730518262
3.36	1.8625783680306292
3.37	1.8672372992559236
3.38	1.8718988433290715
3.39	1.8765629771275256
3.4	1.8812296778007684
3.41	1.8858989227663243
3.42	1.890570689705839
3.43	1.895244956561232
3.44	1.8999217015309104
3.45	1.904600903066055
3.46	1.9092825398669648
3.47	1.9139665908794696
3.48	1.9186530352913993
3.49	1.9233418525291213
3.5	1.9280330222541278
3.5100000000000002	1.9327265243596905
3.52	1.937422338967565
3.5300000000000002	1.9421204464247586
3.54	1.9468208273003436
3.5500000000000003	1.9515234623823343
3.56	1.956228332674609
3.57	1.9609354193938882
3.58	1.965644703966761
3.59	1.9703561680267634
3.6	1.975069793411502
3.61	1.9797855621598295
3.62	1.9845034565090647
3.63	1.9892234588922575
3.64	1.9939455519355016
3.65	1.99866971845529
3.66	2.0033959414559135
3.67	2.0081242041269016
3.68	2.012854489840507
3.69	2.0175867821492286
3.7	2.0223210647833763
3.71	2.0270573216486745
3.72	2.0317955368239047
3.73	2.0365356945585837
3.74	2.0412777792706853
3.75	2.046021775544389
3.7600000000000002	2.0507676681278735
3.77	2.055515441931141
3.7800000000000002	2.060265082023876
3.79	2.065016573633338
3.8000000000000003	2.0697699021422906
3.81	2.0745250530869574
3.82	2.0792820121550157
3.83	2.0840407651836204
3.84	2.088801298157454
3.85	2.0935635972068134
3.86	2.098327648605723
3.87	2.103093438770078
3.88	2.107860954255815
3.89	2.1126301817571145
3.9	2.117401108104626
3.91	2.122173720263723
3.92	2.1269480053327863
3.93	2.1317239505415118
3.94	2.136501543249241
3.95	2.141280770943324
3.96	2.1460616212375005
3.97	2.150844081870309
3.98	2.1556281407035174
3.99	2.160413785720583
4.	2.165201005025126
4.01	2.1699897868394338
4.02	2.174780119502987
4.03	2.179571991471003
4.04	2.184365391313001
4.050000000000001	2.189160307711397
4.0600000000000005	2.193956729460109
4.07	2.1987546454631883
4.08	2.203554044733471
4.09	2.2083549163912473
4.1	2.213157249662949
4.109999999999999	2.2179610338798614
4.12	2.2227662584768506
4.13	2.2275729129911057
4.140000000000001	2.2323809870609086
4.15	2.2371904704244114
4.16	2.242001352918438
4.17	2.2468136244773027
4.18	2.251627275131639
4.1899999999999995	2.256442295007256
4.2	2.261258674324001
4.21	2.2660764033946452
4.220000000000001	2.2708954726237827
4.23	2.275715872506742
4.24	2.28053759362852
4.25	2.2853606266627255
4.26	2.2901849623705384
4.27	2.2950105915996843
4.28	2.2998375052834263
4.29	2.3046656944395636
4.300000000000001	2.3094951501694525
4.3100000000000005	2.3143258636570327
4.32	2.319157826167877
4.33	2.3239910290482433
4.34	2.3288254637241503
4.35	2.333661121700456
4.359999999999999	2.3384979945599556
4.37	2.3433360739624898
4.38	2.3481753516440653
4.390000000000001	2.353015819415987
4.4	2.357857469164002
4.41	2.362700292847457
4.42	2.367544282498465
4.43	2.372389430221083
4.4399999999999995	2.377235728190502
4.45	2.38208316865225
4.46	2.3869317439214006
4.470000000000001	2.3917814463817972
4.48	2.3966322684852837
4.49	2.4014842027509484
4.5	2.4063372417643776
4.51	2.4111913781769156
4.52	2.41604660470494
4.53	2.4209029141291447
4.54	2.425760299293826
4.550000000000001	2.4306187531061907
4.5600000000000005	2.435478268535661
4.57	2.4403388386131977
4.58	2.445200456430625
4.59	2.4500631151399697
4.6	2.4549268079528073
4.609999999999999	2.459791528139613
4.62	2.4646572690291286
4.63	2.4695240240077276
4.640000000000001	2.4743917865188014
4.65	2.4792605500621385
4.66	2.4841303081933273
4.67	2.489001054523151
4.68	2.4938727827170037
4.6899999999999995	2.498745486494305
4.7	2.503619159627927
4.71	2.508493795943625
4.720000000000001	2.513369389319479
4.73	2.51824593368534
4.74	2.5231234230222843
4.75	2.5280018513620734
4.76	2.5328812127866223
4.77	2.5377615014274726
4.78	2.5426427114652763
4.79	2.547524837129279
4.800000000000001	2.5524078726968176
4.8100000000000005	2.5572918124928177
4.82	2.5621766508893016
4.83	2.5670623823048992
4.84	2.571949001204369
4.85	2.576836502098119
4.859999999999999	2.581724879541741
4.87	2.5866141281355444
4.88	2.591504242524096
4.890000000000001	2.5963952173957727
4.9	2.6012870474823098
4.91	2.606179727558362
4.92	2.611073252441067
4.93	2.615967616989613
4.9399999999999995	2.6208628161048155
4.95	2.6257588447286944
4.96	2.630655697844059
4.970000000000001	2.635553370474101
4.98	2.640451857681984
4.99	2.6453511545704473
5.	2.650251256281407