25.	12.771256281407034
25.01	12.77634878711832
25.02	12.781441299221928
25.03	12.786533817710206
25.04	12.791626342575496
25.05	12.796718873810168
25.06	12.801811411406593
25.07	12.80690395535716
25.08	12.811996505654268
25.09	12.817089062290327
25.1	12.822181625257764
25.11	12.827274194549009
25.12	12.832366770156515
25.13	12.837459352072738
25.14	12.842551940290154
25.15	12.847644534801242
25.16	12.8527371355985
25.17	12.857829742674438
25.18	12.862922356021569
25.19	12.86801497563243
25.2	12.873107601499562
25.21	12.87820023361552
25.22	12.88329287197287
25.23	12.888385516564194
25.24	12.893478167382076
25.25	12.898570824419126
25.26	12.903663487667952
25.27	12.90875615712118
25.28	12.913848832771452
25.29	12.918941514611411
25.3	12.924034202633722
25.31	12.929126896831052
25.32	12.93421959719609
25.33	12.939312303721527
25.34	12.944405016400074
25.35	12.949497735224446
25.36	12.954590460187372
25.37	12.959683191281595
25.38	12.964775928499867
25.39	12.969868671834952
25.4	12.974961421279627
25.41	12.980054176826675
25.42	12.9851469384689
25.43	12.990239706199104
25.44	12.995332480010115
25.45	13.000425259894758
25.46	13.005518045845884
25.47	13.01061083785634
25.48	13.015703635919
25.49	13.020796440026732
25.5	13.025889250172431
25.51	13.030982066348995
25.52	13.03607488854933
25.53	13.041167716766362
25.54	13.046260550993022
25.55	13.051353391222255
25.56	13.056446237447014
25.57	13.061539089660268
25.58	13.066631947854988
25.59	13.071724812024168
25.6	13.076817682160804
25.61	13.081910558257903
25.62	13.087003440308491
25.63	13.092096328305592
25.64	13.097189222242257
25.65	13.102282122111532
25.66	13.107375027906485
25.67	13.11246793962019
25.68	13.11756085724573
25.69	13.122653780776206
25.7	13.12774671020472
25.71	13.132839645524395
25.72	13.137932586728354
25.73	13.143025533809741
25.74	13.148118486761703
25.75	13.153211445577403
25.76	13.15830441025001
25.77	13.163397380772704
25.78	13.16849035713868
25.79	13.17358333934114
25.8	13.1786763273733
25.81	13.18376932122838
25.82	13.188862320899618
25.83	13.193955326380255
25.84	13.19904833766355
25.85	13.204141354742767
25.86	13.20923437761118
25.87	13.21432740626208
25.88	13.21942044068876
25.89	13.22451348088453
25.9	13.229606526842707
25.91	13.23469957855662
25.92	13.239792636019605
25.93	13.24488569922501
25.94	13.249978768166198
25.95	13.255071842836534
25.96	13.260164923229398
25.97	13.265258009338181
25.98	13.270351101156283
25.99	13.27544419867711
26.	13.280537301894087
26.01	13.28563041080064
26.02	13.290723525390211
26.03	13.295816645656249
26.04	13.300909771592215
26.05	13.306002903191581
26.06	13.311096040447826
26.07	13.316189183354439
26.08	13.321282331904921
26.09	13.326375486092786
26.1	13.331468645911551
26.11	13.336561811354743
26.12	13.341654982415909
26.13	13.346748159088593
26.14	13.351841341366358
26.15	13.356934529242771
26.16	13.362027722711417
26.17	13.36712092176588
26.18	13.37221412639976
26.19	13.37730733660667
26.2	13.382400552380222
26.21	13.38749377371405
26.22	13.392587000601788
26.23	13.39768023303709
26.24	13.402773471013605
26.25	13.407866714525007
26.26	13.41295996356497
26.27	13.41805321812718
26.28	13.423146478205336
26.29	13.428239743793137
26.3	13.433333014884306
26.31	13.438426291472565
26.32	13.443519573551649
26.33	13.448612861115297
26.34	13.45370615415727
26.35	13.458799452671327
26.36	13.463892756651237
26.37	13.468986066090787
26.38	13.474079380983765
26.39	13.479172701323975
26.4	13.484266027105223
26.41	13.48935935832133
26.42	13.494452694966126
26.43	13.499546037033445
26.44	13.50463938451714
26.45	13.509732737411063
26.46	13.514826095709083
26.47	13.519919459405072
26.48	13.525012828492919
26.49	13.530106202966513
26.5	13.535199582819759
26.51	13.540292968046572
26.52	13.545386358640867
26.53	13.55047975459658
26.54	13.555573155907645
26.55	13.560666562568018
26.56	13.565759974571652
26.57	13.570853391912516
26.58	13.575946814584585
26.59	13.581040242581844
26.6	13.586133675898289
26.61	13.59122711452792
26.62	13.59632055846475
26.63	13.601414007702802
26.64	13.606507462236106
26.65	13.611600922058697
26.66	13.61669438716463
26.67	13.621787857547957
26.68	13.626881333202745
26.69	13.63197481412307
26.7	13.637068300303014
26.71	13.64216179173667
26.72	13.647255288418139
26.73	13.652348790341533
26.74	13.657442297500967
26.75	13.662535809890574
26.76	13.667629327504489
26.77	13.672722850336855
26.78	13.677816378381829
26.79	13.682909911633569
26.8	13.688003450086253
26.81	13.693096993734056
26.82	13.69819054257117
26.83	13.70328409659179
26.84	13.708377655790127
26.85	13.713471220160393
26.86	13.718564789696808
26.87	13.723658364393609
26.88	13.728751944245033
26.89	13.733845529245334
26.9	13.738939119388764
26.91	13.744032714669595
26.92	13.749126315082098
26.93	13.754219920620555
26.94	13.759313531279263
26.95	13.764407147052516
26.96	13.769500767934629
26.97	13.774594393919914
26.98	13.7796880250027
26.99	13.78478166117732
27.	13.789875302438118
27.01	13.794968948779442
27.02	13.80006260019565
27.03	13.805156256681114
27.04	13.810249918230205
27.05	13.815343584837311
27.06	13.82043725649682
27.07	13.82553093320314
27.08	13.830624614950676
27.09	13.835718301733843
27.1	13.84081199354707
27.11	13.84590569038479
27.12	13.850999392241443
27.13	13.85609309911148
27.14	13.861186810989361
27.15	13.866280527869549
27.16	13.871374249746523
27.17	13.876467976614764
27.18	13.88156170846876
27.19	13.886655445303015
27.2	13.89174918711203
27.21	13.896842933890326
27.22	13.901936685632423
27.23	13.907030442332855
27.240000000000002	13.912124203986158
27.25	13.91721797058688
27.26	13.922311742129578
27.27	13.927405518608813
27.28	13.932499300019158
27.29	13.937593086355191
27.3	13.942686877611502
27.31	13.947780673782681
27.32	13.952874474863336
27.33	13.957968280848073
27.34	13.963062091731517
27.35	13.968155907508292
27.36	13.973249728173029
27.37	13.978343553720373
27.38	13.983437384144976
27.39	13.988531219441494
27.4	13.993625059604591
27.41	13.998718904628946
27.42	14.003812754509235
27.43	14.00890660924015
27.44	14.014000468816386
27.45	14.019094333232648
27.46	14.02418820248365
27.47	14.029282076564108
27.48	14.034375955468755
27.490000000000002	14.039469839192325
27.5	14.044563727729557
27.51	14.049657621075207
27.52	14.054751519224027
27.53	14.05984542217079
27.54	14.064939329910263
27.55	14.070033242437233
27.56	14.075127159746483
27.57	14.080221081832814
27.58	14.085315008691024
27.59	14.090408940315932
27.6	14.095502876702353
27.61	14.10059681784511
27.62	14.105690763739043
27.63	14.110784714378987
27.64	14.115878669759798
27.65	14.120972629876325
27.66	14.126066594723437
27.67	14.131160564296001
27.68	14.136254538588897
27.69	14.141348517597015
27.7	14.14644250131524
27.71	14.15153648973848
27.72	14.156630482861638
27.73	14.161724480679634
27.740000000000002	14.166818483187388
27.75	14.171912490379828
27.76	14.177006502251894
27.77	14.18210051879853
27.78	14.187194540014689
27.79	14.192288565895328
27.8	14.197382596435416
27.81	14.202476631629922
27.82	14.207570671473833
27.83	14.21266471596213
27.84	14.217758765089815
27.85	14.222852818851889
27.86	14.227946877243358
27.87	14.233040940259244
27.88	14.238135007894565
27.89	14.243229080144358
27.9	14.248323157003655
27.91	14.253417238467508
27.92	14.258511324530964
27.93	14.263605415189085
27.94	14.268699510436939
27.95	14.273793610269594
27.96	14.278887714682138
27.97	14.283981823669652
27.98	14.289075937227237
27.990000000000002	14.294170055349992
28.	14.299264178033022
28.01	14.30435830527145
28.02	14.309452437060392
28.03	14.314546573394981
28.04	14.319640714270353
28.05	14.324734859681653
28.06	14.32982900962403
28.07	14.334923164092642
28.08	14.340017323082648
28.09	14.345111486589229
28.1	14.350205654607556
28.11	14.355299827132818
28.12	14.360394004160204
28.13	14.365488185684912
28.14	14.370582371702149
28.15	14.375676562207127
28.16	14.380770757195066
28.17	14.385864956661191
28.18	14.390959160600731
28.19	14.396053369008934
28.2	14.401147581881036
28.21	14.406241799212298
28.22	14.411336020997974
28.23	14.416430247233333
28.240000000000002	14.421524477913648
28.25	14.426618713034198
28.26	14.43171295259027
28.27	14.436807196577156
28.28	14.441901444990156
28.29	14.446995697824578
28.3	14.452089955075733
28.31	14.45718421673894
28.32	14.462278482809529
28.33	14.467372753282827
28.34	14.472467028154181
28.35	14.477561307418929
28.36	14.482655591072428
28.37	14.487749879110037
28.38	14.49284417152712
28.39	14.497938468319052
28.4	14.503032769481207
28.41	14.508127075008977
28.42	14.513221384897747
28.43	14.518315699142917
28.44	14.523410017739895
28.45	14.528504340684087
28.46	14.533598667970915
28.47	14.538692999595801
28.48	14.543787335554176
28.490000000000002	14.548881675841477
28.5	14.553976020453144
28.51	14.55907036938463
28.52	14.56416472263139
28.53	14.569259080188887
28.54	14.57435344205259
28.55	14.579447808217973
28.56	14.584542178680518
28.57	14.589636553435712
28.58	14.59473093247905
28.59	14.599825315806033
28.6	14.604919703412165
28.61	14.61001409529296
28.62	14.615108491443943
28.63	14.620202891860629
28.64	14.625297296538559
28.65	14.630391705473263
28.66	14.635486118660294
28.67	14.640580536095195
28.68	14.645674957773526
28.69	14.650769383690848
28.7	14.655863813842732
28.71	14.660958248224754
28.72	14.66605268683249
28.73	14.671147129661534
28.740000000000002	14.676241576707477
28.75	14.681336027965918
28.76	14.686430483432462
28.77	14.691524943102722
28.78	14.696619406972319
28.79	14.701713875036873
28.8	14.706808347292016
28.81	14.711902823733384
28.82	14.716997304356621
28.83	14.722091789157371
28.84	14.727186278131295
28.85	14.732280771274048
28.86	14.737375268581298
28.87	14.74246977004872
28.88	14.747564275671987
28.89	14.75265878544679
28.9	14.757753299368815
28.91	14.76284781743376
28.92	14.76794233963733
28.93	14.773036865975227
28.94	14.77813139644317
28.95	14.783225931036876
28.96	14.788320469752076
28.97	14.793415012584497
28.98	14.79850955952988
28.990000000000002	14.803604110583967
29.	14.808698665742506
29.009999999999998	14.813793225001255
29.02	14.818887788355976
29.03	14.823982355802437
29.04	14.829076927336407
29.05	14.834171502953668
29.060000000000002	14.839266082650003
29.07	14.844360666421203
29.08	14.849455254263063
29.09	14.854549846171388
29.1	14.859644442141983
29.11	14.864739042170662
29.12	14.869833646253245
29.13	14.874928254385555
29.14	14.880022866563428
29.15	14.885117482782695
29.16	14.8902121030392
29.17	14.895306727328794
29.18	14.900401355647325
29.19	14.905495987990657
29.2	14.910590624354649
29.21	14.91568526473518
29.22	14.920779909128118
29.23	14.925874557529351
29.240000000000002	14.930969209934764
29.25	14.936063866340248
29.259999999999998	14.941158526741704
29.27	14.946253191135039
29.28	14.951347859516162
29.29	14.956442531880983
29.3	14.961537208225428
29.310000000000002	14.966631888545423
29.32	14.9717265728369
29.33	14.976821261095797
29.34	14.981915953318056
29.35	14.987010649499629
29.36	14.992105349636464
29.37	14.99720005372453
29.38	15.002294761759785
29.39	15.007389473738204
29.4	15.01248418965576
29.41	15.017578909508439
29.42	15.022673633292227
29.43	15.027768361003112
29.44	15.032863092637099
29.45	15.037957828190187
29.46	15.043052567658387
29.47	15.048147311037713
29.48	15.053242058324185
29.490000000000002	15.058336809513829
29.5	15.063431564602675
29.509999999999998	15.068526323586758
29.52	15.07362108646212
29.53	15.07871585322481
29.54	15.083810623870878
29.55	15.088905398396381
29.560000000000002	15.094000176797385
29.57	15.099094959069953
29.58	15.104189745210162
29.59	15.10928453521409
29.6	15.114379329077822
29.61	15.119474126797446
29.62	15.124568928369058
29.63	15.129663733788753
29.64	15.134758543052644
29.65	15.139853356156836
29.66	15.144948173097449
29.67	15.150042993870601
29.68	15.155137818472415
29.69	15.16023264689903
29.7	15.165327479146574
29.71	15.170422315211196
29.72	15.175517155089038
29.73	15.180611998776255
29.740000000000002	15.185706846269005
29.75	15.190801697563447
29.759999999999998	15.195896552655752
29.77	15.200991411542091
29.78	15.206086274218643
29.79	15.211181140681589
29.8	15.21627601092712
29.810000000000002	15.221370884951428
29.82	15.22646576275071
29.83	15.23156064432117
29.84	15.23665552965902
29.85	15.241750418760471
29.86	15.246845311621739
29.87	15.251940208239054
29.88	15.257035108608637
29.89	15.26213001272673
29.9	15.267224920589568
29.91	15.272319832193396
29.92	15.277414747534465
29.93	15.282509666609021
29.94	15.287604589413332
29.95	15.292699515943658
29.96	15.297794446196269
29.97	15.302889380167436
29.98	15.307984317853444
29.990000000000002	15.313079259250571
30.	15.31817420435511