5.	2.650251256281407
5.01	2.6551521579955666
5.02	2.6600538549320305
5.03	2.664956342347923
5.04	2.6698596155380074
5.05	2.67476366983432
5.06	2.6796685006057954
5.07	2.684574103257907
5.08	2.689480473232303
5.09	2.694387606006457
5.1	2.6992954970933094
5.11	2.7042041420409286
5.12	2.709113536432161
5.13	2.714023675884295
5.14	2.718934556048726
5.15	2.7238461726106262
5.16	2.728758521288614
5.17	2.7336715978344333
5.18	2.738585398032634
5.19	2.743499917700255
5.2	2.7484151526865097
5.21	2.7533310988724815
5.22	2.7582477521708157
5.23	2.7631651085254187
5.24	2.7680831639111587
5.25	2.7730019143335727
5.26	2.7779213558285725
5.27	2.7828414844621587
5.28	2.787762296330136
5.29	2.7926837875578268
5.3	2.797605954299801
5.31	2.8025287927395923
5.32	2.8074522990894324
5.33	2.8123764695899762
5.34	2.817301300510041
5.35	2.8222267881463394
5.36	2.8271529288232204
5.37	2.8320797188924134
5.38	2.8370071547327718
5.39	2.841935232750021
5.4	2.8468639493765124
5.41	2.851793301070974
5.42	2.85672328431827
5.43	2.8616538956291584
5.44	2.8665851315400532
5.45	2.8715169886127887
5.46	2.8764494634343882
5.47	2.8813825526168317
5.48	2.8863162527968313
5.49	2.8912505606356005
5.5	2.8961854728186385
5.51	2.901120986055504
5.52	2.906057097079601
5.53	2.9109938026479596
5.54	2.9159310995410266
5.55	2.9208689845624516
5.5600000000000005	2.9258074545388815
5.57	2.9307465063197498
5.58	2.9356861367770755
5.59	2.9406263428052606
5.6	2.9455671213208903
5.61	2.950508469262534
5.62	2.9554503835905503
5.63	2.960392861286896
5.64	2.9653358993549306
5.65	2.9702794948192293
5.66	2.975223644725394
5.67	2.9801683461398705
5.68	2.9851135961497626
5.69	2.9900593918626526
5.7	2.995005730406418
5.71	2.9999526089290587
5.72	3.004900024598517
5.73	3.009847974602507
5.74	3.0147964561483374
5.75	3.0197454664627483
5.76	3.024695002791736
5.77	3.02964506240039
5.78	3.034595642572725
5.79	3.0395467406115206
5.8	3.0444983538381565
5.8100000000000005	3.0494504795924544
5.82	3.05440311523252
5.83	3.0593562581345837
5.84	3.0643099056928476
5.85	3.0692640553193318
5.86	3.074218704443721
5.87	3.079173850513213
5.88	3.084129490992377
5.89	3.089085623362995
5.9	3.0940422451239247
5.91	3.0989993537909517
5.92	3.1039569468966457
5.93	3.108915021990221
5.94	3.113873576637396
5.95	3.1188326084202527
5.96	3.1237921149371015
5.97	3.128752093802345
5.98	3.1337125426463426
5.99	3.1386734591152763
6.	3.1436348408710217
6.01	3.1485966855910164
6.02	3.1535589909681296
6.03	3.1585217547105344
6.04	3.163484974541582
6.05	3.1684486481996763
6.0600000000000005	3.1734127734381476
6.07	3.178377348025134
6.08	3.183342369743454
6.09	3.188307836390491
6.1	3.1932737457780704
6.11	3.1982400957323445
6.12	3.2032068840936714
6.13	3.2081741087165025
6.140000000000001	3.2131417674692684
6.15	3.2181098582342607
6.16	3.2230783789075246
6.17	3.2280473273987442
6.18	3.233016701631133
6.1899999999999995	3.237986499541325
6.2	3.242956719079267
6.21	3.2479273582081096
6.22	3.2528984149041023
6.23	3.257869887156489
6.24	3.2628417729674015
6.25	3.2678140703517586
6.26	3.272786777337165
6.27	3.277759891963806
6.28	3.282733412284352
6.29	3.2877073363638543
6.3	3.2926816622796524
6.3100000000000005	3.2976563881212724
6.32	3.3026315119903313
6.33	3.3076070320004445
6.34	3.312582946277127
6.35	3.3175592529577016
6.36	3.3225359501912077
6.37	3.3275130361383054
6.38	3.332490508971188
6.390000000000001	3.337468366873491
6.4	3.342446608040201
6.41	3.347425230677569
6.42	3.3524042330030213
6.43	3.3573836132450747
6.4399999999999995	3.3623633696432473
6.45	3.3673435004479764
6.46	3.3723240039205313
6.47	3.377304878332932
6.48	3.3822861219678644
6.49	3.387267733118598
6.5	3.3922497100889064
6.51	3.3972320511929848
6.52	3.402214754755372
6.53	3.4071978191108685
6.54	3.4121812426044595
6.55	3.4171650235912385
6.5600000000000005	3.4221491604363283
6.57	3.4271336515148043
6.58	3.43211849521162
6.59	3.4371036899215346
6.6	3.4420892340490328
6.61	3.447075126008256
6.62	3.4520613642229274
6.63	3.4570479471262803
6.640000000000001	3.462034873160986
6.65	3.4670221407790835
6.66	3.4720097484419092
6.67	3.4769976946200267
6.68	3.4819859777931574
6.6899999999999995	3.486974596450113
6.7	3.4919635490887275
6.71	3.4969528342157883
6.72	3.5019424503469727
6.73	3.50693239600678
6.74	3.5119226697284645
6.75	3.5169132700539736
6.76	3.5219041955338826
6.77	3.526895444727329
6.78	3.5318870162019538
6.79	3.536878908533833
6.8	3.5418711203074196
6.8100000000000005	3.5468636501154824
6.82	3.551856496559042
6.83	3.5568496582473124
6.84	3.561843133797643
6.85	3.5668369218354545
6.86	3.5718310209941837
6.87	3.576825429915224
6.88	3.5818201472478672
6.890000000000001	3.5868151716492482
6.9	3.5918105017842836
6.91	3.5968061363256223
6.92	3.601802073953583
6.93	3.6067983133561023
6.9399999999999995	3.6117948532286794
6.95	3.6167916922743215
6.96	3.6217888292034885
6.97	3.626786262734043
6.98	3.631783991591194
6.99	3.6367820145074443
7.	3.6417803302225416
7.01	3.6467789374834227
7.02	3.6517778350441663
7.03	3.65677702166594
7.04	3.661776496116948
7.05	3.6667762571723865
7.0600000000000005	3.6717763036143896
7.07	3.6767766342319805
7.08	3.6817772478210262
7.09	3.6867781431841857
7.1	3.691779319130865
7.109999999999999	3.6967807744771677
7.12	3.7017825080458473
7.13	3.7067845186662627
7.140000000000001	3.7117868051743317
7.15	3.716789366412482
7.16	3.721792201229612
7.17	3.726795308481038
7.18	3.7317986870284567
7.1899999999999995	3.7368023357398954
7.2	3.741806253489671
7.21	3.746810439158344
7.220000000000001	3.751814891632679
7.23	3.756819609805598
7.24	3.7618245925761404
7.25	3.7668298388494197
7.26	3.771835347536581
7.27	3.7768411175547616
7.28	3.7818471478270475
7.29	3.786853437282434
7.300000000000001	3.791859984855786
7.3100000000000005	3.7968667894877948
7.32	3.801873850124942
7.33	3.806881165719457
7.34	3.81188873522928
7.35	3.816896557618022
7.359999999999999	3.8219046318549266
7.37	3.826912956914832
7.38	3.8319215317781317
7.390000000000001	3.83693035543074
7.4	3.8419394268640503
7.41	3.846948745074902
7.42	3.851958309065543
7.43	3.856968117843592
7.4399999999999995	3.8619781704220024
7.45	3.8669884658190283
7.46	3.8719990030581863
7.470000000000001	3.8770097811682245
7.48	3.8820207991830813
7.49	3.8870320561418574
7.5	3.8920435510887774
7.51	3.8970552830731555
7.52	3.9020672511493637
7.53	3.907079454376798
7.54	3.9120918918198417
7.550000000000001	3.9171045625478387
7.5600000000000005	3.9221174656350537
7.57	3.9271306001606447
7.58	3.932143965208629
7.59	3.9371575598678508
7.6	3.942171383231949
7.609999999999999	3.9471854343993287
7.62	3.952199712473127
7.63	3.9572142165611806
7.640000000000001	3.9622289457760007
7.65	3.9672438992347363
7.66	3.972259076059147
7.67	3.977274475375574
7.68	3.9822900963149075
7.6899999999999995	3.9873059380125593
7.7	3.992321999608432
7.71	3.9973382802468898
7.720000000000001	4.002354779076731
7.73	4.007371495251159
7.74	4.012388427927752
7.75	4.017405576268439
7.76	4.0224229394394655
7.77	4.027440516611371
7.78	4.03245830695896
7.79	4.037476309661272
7.800000000000001	4.042494523901559
7.8100000000000005	4.047512948867256
7.82	4.0525315837499525
7.83	4.057550427745368
7.84	4.062569480053328
7.85	4.067588739877732
7.859999999999999	4.072608206426534
7.87	4.077627878911713
7.88	4.082647756549244
7.890000000000001	4.0876678385590814
7.9	4.09268812416513
7.91	4.097708612595214
7.92	4.102729303081062
7.93	4.107750194858276
7.9399999999999995	4.11277128716631
7.95	4.1177925792484436
7.96	4.122814070351759
7.970000000000001	4.127835759727118
7.98	4.1328576466291365
7.99	4.137879730316162
8.	4.142902010050252
8.01	4.147924485097146
8.02	4.152947154726249
8.030000000000001	4.157970018210605
8.04	4.16299307482687
8.05	4.168016323855301
8.06	4.173039764579722
8.07	4.178063396287509
8.08	4.1830872182695655
8.09	4.188111229820301
8.1	4.193135430237608
8.11	4.198159818822844
8.120000000000001	4.203184394880809
8.129999999999999	4.208209157719717
8.14	4.213234106651193
8.15	4.218259240990227
8.16	4.223284560055178
8.17	4.2283100631677355
8.18	4.23333574965291
8.19	4.238361618839005
8.2	4.243387670057604
8.21	4.248413902643547
8.22	4.253440315934906
8.23	4.258466909272975
8.24	4.263493682002244
8.25	4.2685206334703825
8.26	4.273547763028216
8.27	4.278575070029714
8.280000000000001	4.283602553831962
8.29	4.288630213795151
8.3	4.293658049282557
8.31	4.2986860596605165
8.32	4.3037142442984155
8.33	4.308742602568666
8.34	4.313771133846691
8.35	4.318799837510908
8.36	4.323828712942704
8.370000000000001	4.328857759526426
8.379999999999999	4.333886976649357
8.39	4.338916363701704
8.4	4.343945920076573
8.41	4.348975645169964
8.42	4.35400553838074
8.43	4.3590355991106176
8.44	4.364065826764152
8.45	4.369096220748713
8.46	4.374126780474477
8.47	4.379157505354399
8.48	4.38418839480421
8.49	4.3892194482423905
8.5	4.394250665090157
8.51	4.399282044771448
8.52	4.404313586712908
8.530000000000001	4.409345290343865
8.54	4.414377155096324
8.55	4.419409180404949
8.56	4.42444136570704
8.57	4.429473710442528
8.58	4.434506214053953
8.59	4.439538875986451
8.6	4.444571695687741
8.61	4.449604672608104
8.620000000000001	4.454637806200376
8.629999999999999	4.459671095919924
8.64	4.464704541224642
8.65	4.469738141574927
8.66	4.474771896433669
8.67	4.479805805266238
8.68	4.484839867540467
8.69	4.489874082726637
8.7	4.494908450297464
8.71	4.49994296972809
8.72	4.504977640496058
8.73	4.510012462081312
8.74	4.51504743396617
8.75	4.5200825556353195
8.76	4.525117826575801
8.77	4.530153246276996
8.780000000000001	4.535188814230607
8.79	4.540224529930653
8.8	4.545260392873458
8.81	4.550296402557623
8.82	4.5553325584840305
8.83	4.560368860155819
8.84	4.565405307078378
8.85	4.570441898759333
8.86	4.5754786347085314
8.870000000000001	4.580515514438031
8.879999999999999	4.585552537462085
8.89	4.590589703297138
8.9	4.595627011461804
8.91	4.600664461476858
8.92	4.605702052865222
8.93	4.610739785151964
8.94	4.615777657864265
8.95	4.620815670531427
8.96	4.625853822684853
8.97	4.630892113858031
8.98	4.63593054358653
8.99	4.640969111407985
9.	4.646007816862088
9.01	4.6510466594905715
9.02	4.656085638837202
9.030000000000001	4.661124754447766
9.04	4.6661640058700575
9.05	4.671203392653877
9.06	4.676242914351004
9.07	4.6812825705152
9.08	4.6863223607021895
9.09	4.691362284469653
9.1	4.696402341377215
9.11	4.701442530986435
9.120000000000001	4.706482852860796
9.129999999999999	4.711523306565687
9.14	4.716563891668408
9.15	4.721604607738144
9.16	4.726645454345966
9.17	4.731686431064811
9.18	4.736727537469482
9.190000000000001	4.74176877313663
9.2	4.7468101376447445
9.21	4.751851630574152
9.219999999999999	4.756893251506992
9.23	4.761935000027222
9.24	4.766976875720594
9.25	4.7720188781746575
9.26	4.777061006978738
9.27	4.782103261723938
9.280000000000001	4.78714564200312
9.29	4.792188147410897
9.3	4.797230777543632
9.31	4.8022735319994165
9.32	4.80731641037807
9.33	4.812359412281126
9.34	4.8174025373118265
9.350000000000001	4.822445785075109
9.36	4.827489155177597
9.370000000000001	4.832532647227601
9.379999999999999	4.837576260835092
9.39	4.842619995611712
9.4	4.847663851170748
9.41	4.852707827127134
9.42	4.857751923097441
9.43	4.862796138699862
9.440000000000001	4.867840473554212
9.45	4.872884927281912
9.46	4.877929499505987
9.469999999999999	4.8829741898510495
9.48	4.888018997943303
9.49	4.893063923410519
9.5	4.898108965882042
9.51	4.903154124988771
9.52	4.90819940036316
9.530000000000001	4.913244791639205
9.54	4.91829029845243
9.55	4.9233359204398965
9.56	4.928381657240176
9.57	4.933427508493355
9.58	4.938473473841021
9.59	4.943519552926258
9.600000000000001	4.948565745393635
9.61	4.953612050889201
9.620000000000001	4.95865846906048
9.629999999999999	4.963704999556453
9.64	4.9687516420275655
9.65	4.973798396125707
9.66	4.978845261504209
9.67	4.983892237817838
9.68	4.988939324722788
9.690000000000001	4.9939865218766695
9.7	4.999033828938506
9.71	5.004081245568729
9.719999999999999	5.009128771429162
9.73	5.014176406183022
9.74	5.0192241494949075
9.75	5.024272001030795
9.76	5.029319960458028
9.77	5.034368027445312
9.780000000000001	5.039416201662711
9.79	5.04446448278163
9.8	5.049512870474824
9.81	5.054561364416374
9.82	5.059609964281694
9.83	5.064658669747517
9.84	5.06970748049189
9.850000000000001	5.07475639619417
9.86	5.079805416535008
9.870000000000001	5.084854541196357
9.879999999999999	5.089903769861452
9.89	5.094953102214816
9.9	5.1000025379422365
9.91	5.105052076730779
9.92	5.110101718268764
9.93	5.1151514622457706
9.940000000000001	5.1202013083526285
9.95	5.125251256281406
9.96	5.130301305725414
9.969999999999999	5.135351456379187
9.98	5.14040170793849
9.99	5.145452060100301
10.	5.150502512562814