-2909.479258180674
-2900.09654741591
-2890.733261028855
-2881.389402526626
-2872.064975449346
-2862.759983370525
-2853.474429897446
-2844.208318671563
-2834.961653368891
-2825.734437700418
-2816.526675412511
-2807.33837028733
-2798.169526143256
-2789.020146835309
-2779.890236255589
-2770.779798333716
-2761.688837037271
-2752.617356372252
-2743.565360383534
-2734.532853155335
-2725.519838811684
-2716.526321516909
-2707.552305476117
-2698.59779493569
-2689.662794183787
-2680.747307550852
-2671.851339410131
-2662.974894178194
-2654.117976315468
-2645.280590326779
-2636.462740761893
-2627.664432216082
-2618.88566933068
-2610.126456793659
-2601.386799340214
-2592.666701753347
-2583.966168864474
-2575.28520555403
-2566.623816752088
-2557.982007438986
-2549.359782645969
-2540.75714745583
-2532.174107003575
-2523.610666477086
-2515.066831117801
-2506.542606221405
-2498.037997138529
-2489.553009275461
-2481.08764809487
-2472.64191911654
-2464.215827918115
-2455.809380135859
-2447.422581465427
-2439.055437662644
-2430.707954544307
-2422.380137988986
-2414.071993937855
-2405.783528395519
-2397.514747430871
-2389.265657177947
-2381.036263836814
-2372.826573674452
-2364.636593025671
-2356.466328294027
-2348.315785952763
-2340.184972545763
-2332.073894688522
-2323.982559069135
-2315.910972449298
-2307.859141665331
-2299.827073629218
-2291.814775329661
-2283.822253833159
-2275.849516285097
-2267.896569910866
-2259.963422016991
-2252.050079992286
-2244.156551309027
-2236.282843524145
-2228.428964280448
-2220.594921307849
-2212.780722424634
-2204.986375538742
-2197.211888649071
-2189.457269846808
-2181.722527316784
-2174.007669338856
-2166.312704289306
-2158.637640642278
-2150.982486971234
-2143.347251950437
-2135.731944356469
-2128.136573069768
-2120.561147076203
-2113.00567546867
-2105.470167448732
-2097.954632328274
-2090.459079531202
-2082.983518595175
-2075.527959173359
-2068.09241103623
-2060.676884073404
-2053.281388295507
-2045.905933836077
-2038.550530953511
-2031.215190033046
-2023.899921588781
-2016.604736265742
-2009.329644841989
-2002.074658230759
-1994.839787482666
-1987.625043787934
-1980.430438478685
-1973.255983031268
-1966.101689068645
-1958.967568362818
-1951.853632837314
-1944.759894569723
-1937.686365794283
-1930.633058904532
-1923.599986456008
-1916.587161169011
-1909.594595931426
-1902.622303801608
-1895.670298011331
-1888.738591968798
-1881.827199261726
-1874.936133660496
-1868.065409121371
-1861.215039789796
-1854.385040003761
-1847.575424297256
-1840.786207403791
-1834.017404260008
-1827.269030009375
-1820.541100005964
-1813.833629818319
-1807.14663523342
-1800.48013226074
-1793.834137136391
-1787.208666327387
-1780.603736535995
-1774.019364704203
-1767.455568018293
-1760.912363913525
-1754.389770078949
-1747.887804462323
-1741.406485275165
-1734.945830997932
-1728.505860385329
-1722.086592471757
-1715.688046576898
-1709.310242311453
-1702.953199583023
-1696.616938602152
-1690.301479888523
-1684.006844277328
-1677.733052925806
-1671.480127319955
-1665.248089281436
-1659.036960974658
-1652.846764914065
-1646.677523971623
-1640.529261384523
-1634.40200076309
-1628.295766098933
-1622.210581773319
-1616.146472565789
-1610.103463663028
-1604.081580667998
-1598.080849609334
-1592.101296951024
-1586.142949602379
-1580.205834928306
-1574.28998075989
-1568.395415405307
-1562.522167661065
-1556.67026682361
-1550.83974270128
-1545.030625626653
-1539.242946469282
-1533.476736648839
-1527.732028148688
-1522.008853529907
-1516.307245945765
-1510.627239156684
-1504.968867545707
-1499.332166134486
-1493.717170599818
-1488.123917290749
-1482.552443246277
-1477.002786213668
-1471.474984667433
-1465.969077828968
-1460.485105686914
-1455.023109018253
-1449.583129410176
-1444.165209282768
-1438.769391912536
-1433.395721456828
-1428.044242979188
-1422.71500247568
-1417.40804690224
-1412.123424203109
-1406.86118334038
-1401.621374324747
-1396.40404824749
-1391.209257313769
-1386.037054877302
-1380.887495476489
-1375.760634872064
-1370.656530086356
-1365.575239444252
-1360.516822615938
-1355.481340661544
-1350.468856077771
-1345.479432846639
-1340.513136486455
-1335.570034105145
-1330.650194456091
-1325.753687996604
-1320.880586949215
-1316.030965365944
-1311.204899195727
-1306.402466355219
-1301.623746803155
-1296.868822618539
-1292.137778082871
-1287.430699766711
-1282.747676620847
-1278.0888000724
-1273.454164126194
-1268.843865471761
-1264.258003596388
-1259.696680904642
-1255.160002844832
-1250.648078042945
-1246.161018444612
-1241.698939465716
-1237.261960152318
-1232.850203350648
-1228.463795887968
-1224.10286876519
-1219.767557362246
-1215.45800165728
-1211.174346460873
-1206.916741666603
-1202.685342519426
-1198.480309903508
-1194.3018106513
-1190.150017875908
-1186.025111328997
-1181.927277786772
-1177.856711466871
-1173.813614479369
-1169.798197315512
-1165.810679378235
-1161.851289559118
-1157.920266867029
-1154.017861114445
-1150.144333668347
-1146.299958273537
-1142.485021957488
-1138.699826027201
-1134.944687170261
-1131.219938674287
-1127.525931781362
-1123.863037196976
-1120.231646776505
-1116.63217541658
-1113.065063183947
-1109.530777720972
-1106.029816975016
-1102.56271230907
-1099.130032063873
-1095.732385658029
-1092.370428333643
-1089.044866682217
-1085.756465121272
-1082.506053539575
-1079.294536392605
-1076.122903616787
-1072.992243851314
-1069.903760625895
-1066.858792415302
-1063.858837821608
-1060.905587659949
-1058.000966667259
-1055.147188223687
-1052.346831144216
-1049.602933172916
-1046.919194643274
-1044.299950811067
-1041.751707038184
-1039.278603987794
-1036.905267859375
-1034.593977282593
-1032.563338753826
-1030.250314345685
-1029.1763483948
-1026.011453272794
-1025.821364562667
-1021.526142227964
-1021.510460125145
-1016.691379543363
-1016.690439889244
-1011.554066620325
-1011.55402087822
-1006.164404354139
-1006.16440246679
-1000.556311481057
-1000.556311413461
-994.7532631722092
-994.7532631700747
-988.7725380174498
-988.7725380173897
-982.6274686198625
-982.627468619861
-976.3287045609743
-976.3287045609742
-969.8849783361291
-969.8849783361291
-963.3035994149692
-963.3035994149692
-956.5907885873253
-956.5907885873253
-949.7519130511213
-949.7519130511213
-942.791656962966
-942.791656962966
-935.7141484395965
-935.7141484395965
-928.5230562447518
-928.5230562447518
-921.2216648085432
-921.2216648085432
-913.812933402886
-913.812933402886
-906.299543499078
-906.299543499078
-898.6839371553412
-898.6839371553412
-890.9683484897274
-890.9683484897274
-883.1548297486795
-883.1548297486795
-875.2452730989214
-875.2452730989214
-867.241428996896
-867.241428996896
-859.1449217913287
-859.1449217913287
-850.9572630680503
-850.9572630680503
-842.6798631367959
-842.6798631367959
-834.3140409769283
-834.3140409769283
-825.8610328957142
-825.8610328957142
-817.3220001038404
-817.3220001038404
-808.698035374652
-808.698035374652
-799.990168923517
-799.990168923517
-791.1993736198311
-791.1993736198311
-782.3265696250663
-782.3265696250663
-773.3726285348607
-773.3726285348607
-764.3383770906437
-764.3383770906437
-755.2246005160829
-755.2246005160829
-746.0320455252511
-746.0320455252511
-736.761423042482
-736.761423042482
-727.4134106681255
-727.4134106681255
-717.9886549196098
-717.9886549196098
-708.4877732731879
-708.4877732731879
-698.9113560283458
-698.9113560283458
-689.2599680139805
-689.2599680139805
-679.5341501530111
-679.5341501530111
-669.7344209000038
-669.7344209000038
-659.8612775646096
-659.8612775646096
-649.9151975320792
-649.9151975320792
-639.8966393908002
-639.8966393908002
-629.8060439756594
-629.8060439756594
-619.6438353350402
-619.6438353350402
-609.410421628405
-609.410421628405
-599.1061959606568
-599.1061959606568
-588.7315371588204
-588.7315371588204
-578.2868104959996
-578.2868104959996
-567.7723683670653
-567.7723683670653
-557.1885509200762
-557.1885509200762
-546.5356866470404
-546.5356866470404
-535.8140929372763
-535.8140929372763
-525.0240765963168
-525.0240765963168
-514.165934333028
-514.165934333028
-503.2399532173636
-503.2399532173636
-492.2464111109576
-481.18557707256
-470.0577117401446
-458.8630676913568
-447.6018897838307
-436.2744154767712
-424.8808751350855
-413.4214923172405
-401.896484047928
-390.3060610765355
-378.6504281223394
-366.9297841072693
-355.144322377025
-343.2942309112701
-331.3796925235727
-319.4008850517132
-307.357981538936
-295.2511504066787
-283.0805556192767
-270.846356841105
-258.5487095865879
-246.1877653634766
-233.7636718097716
-221.2765728246354
-208.7266086936251
-196.1139162085482
-183.4386287822279
-170.7008765584448
-157.9007865173055
-145.0384825762747
-132.1140856870883
-119.1277139287581
-106.0794825968606
-92.96950428929326
-79.79788898867129
-66.56474414152713
-53.2701747344647
-39.91428336741348
-26.49717032411808
-13.01893363999162
0.5203308325455936
14.12052936112768
27.78157027279664
41.50336389554506
55.2858225019512
69.12886025481438
83.03239315470361
96.99633898933698
111.0206172847134
125.1051492579224
139.2498577715615
153.4546672896939
167.7195038352832
182.0442949490441
196.4289696496521
210.8734583952567
225.3776930462464
239.9416068292159
254.5651343020878
269.2482113203436
283.990775004322
298.7927637075419
313.6541169860123
328.5747755684907
343.5546813276556
358.5937772521574
373.6920074195162
388.8493169698351
404.0656520802998
419.3409599404337
434.6751887280854
450.0682875861174
465.5202065997761
481.0308967747146
496.6003100156491