1.9148783945769650    -1.0948288390118370    3.28808079056180216490
1.9148783945207370    -1.0948288389743579    3.28809095254410741534
1.9148783944645080    -1.0948288389368819    3.28974705542608536978
1.9148783944082799    -1.0948288388994059    3.28919126234320104369
1.9148783943520511    -1.0948288388619321    3.29016701509184094276
1.9148783942958230    -1.0948288388244600    3.28900556098663035586
1.9148783942395950    -1.0948288387869889    3.29030526064166243551
1.9148783941833660    -1.0948288387495209    3.29054461940113801999
1.9148783941271379    -1.0948288387120551    3.29030998860008207360
1.9148783940709100    -1.0948288386745919    3.29090398201665825439
1.9148783940146810    -1.0948288386371319    3.29213790309846678680
1.9148783939584531    -1.0948288385996761    3.29334222590997615266
1.9148783939022240    -1.0948288385622240    3.29300444490947837864
1.9148783938459959    -1.0948288385247760    3.29415184813290714628
1.9148783937897680    -1.0948288384873350    3.29520145724029378119
1.9148783937335390    -1.0948288384499001    3.29765399756628333058
1.9148783936773111    -1.0948288384124720    3.29765050708934409868
1.9148783936210820    -1.0948288383750551    3.29985401121230482080
1.9148783935648539    -1.0948288383376490    3.30204224155365198032
1.9148783935086260    -1.0948288383002580    3.30402219143337860948
1.9148783934523970    -1.0948288382628850    3.30745375610732535317
1.9148783933961691    -1.0948288382255360    3.31084528560391481923
1.9148783933399409    -1.0948288381882170    3.31488939885295476632
1.9148783932837119    -1.0948288381509399    3.31991919356375655265
1.9148783932274840    -1.0948288381137221    3.32710301249896157156
1.9148783931712550    -1.0948288380765869    3.33907797260039066107
1.9148783931150271    -1.0948288380395810    3.35445964285445003190
1.9148783930587989    -1.0948288380027840    3.37652062021752133111
1.9148783930025699    -1.0948288379663600    3.41147359998773578855
1.9148783929463420    -1.0948288379306830    3.46752244433118623134
1.9148783928901141    -1.0948288378967599    3.54908668184248803101
1.9148783928338851    -1.0948288378674800    3.54228356719283157253
1.9148783928122590    -1.0948288378103330    3.43787450163373378741
1.9148783927776569    -1.0948288377953550    3.56951534052702271053
1.9148783927214279    -1.0948288377645810    3.53094762602417619251
1.9148783926652000    -1.0948288377300961    3.45336797857187832099
1.9148783926089721    -1.0948288376941930    3.40191699454922391621
1.9148783925527431    -1.0948288376576600    3.37009733763869567921
1.9148783924965149    -1.0948288376208051    3.34981974901199769769
1.9148783924402859    -1.0948288375837640    3.33649641204682620953
1.9148783923840580    -1.0948288375466071    3.32566668801171432261
1.9148783923278301    -1.0948288375093731    3.31907940006419002439
1.9148783922716011    -1.0948288374720851    3.31431972615812341369
1.9148783922153729    -1.0948288374347579    3.30961876685180472692
1.9148783921591450    -1.0948288373974031    3.30633611082676619414
1.9148783921029160    -1.0948288373600261    3.30208777721681041731
1.9148783920466881    -1.0948288373226311    3.30179669002535359991
1.9148783919904591    -1.0948288372852220    3.29858146572994370238
1.9148783919342309    -1.0948288372478019    3.29787798732571386029
1.9148783918780030    -1.0948288372103729    3.29661057978792895956
1.9148783918217740    -1.0948288371729360    3.29361956571537675600
1.9148783917655461    -1.0948288371354931    3.29430674022933385318
1.9148783917093180    -1.0948288370980450    3.29415484234224215446
1.9148783916530889    -1.0948288370605921    3.29211820154890396598
1.9148783915968610    -1.0948288370231340    3.29284715411000941058
1.9148783915406320    -1.0948288369856740    3.29155500588023735577
1.9148783914844041    -1.0948288369482100    3.29219149018071008308
1.9148783914281760    -1.0948288369107440    3.29105655943052775804
1.9148783913719469    -1.0948288368732750    3.29106740554583654477
1.9148783913157190    -1.0948288368358039    3.28995703988161052977
1.9148783912594900    -1.0948288367983310    3.29058052543368350870
1.9148783912032621    -1.0948288367608570    3.28897553460836751028
1.9148783911470340    -1.0948288367233809    3.28862852082935384120
1.9148783910908049    -1.0948288366859040    3.28896777143554129054
1.9148783910345770    -1.0948288366484251    3.28843241461477913822
1.9148783909783491    -1.0948288366109460    3.28792767546540107650
1.9148783909221201    -1.0948288365734651    3.28610637567980864472
1.9148783908658920    -1.0948288365359842    3.28788377368170474510
1.9148783908096629    -1.0948288364985010    3.28815088426696781974
1.9148783907534350    -1.0948288364610179    3.28765640126092674651


1.9148783945769650    -1.0948288379762701    2.21377108162767902394
1.9148783945207370    -1.0948288379717150    2.21419258601135568801
1.9148783944645080    -1.0948288379671589    2.21436075867737974408
1.9148783944082799    -1.0948288379626010    2.21530033050268195145
1.9148783943520511    -1.0948288379580420    2.21543976818344023243
1.9148783942958230    -1.0948288379534810    2.21570625109871263106
1.9148783942395950    -1.0948288379489179    2.21664947454963877273
1.9148783941833660    -1.0948288379443529    2.21708447616948606121
1.9148783941271379    -1.0948288379397859    2.21778088224039068659
1.9148783940709100    -1.0948288379352160    2.21912375221184680050
1.9148783940146810    -1.0948288379306421    2.21963278809922620800
1.9148783939584531    -1.0948288379260651    2.21940437668723479243
1.9148783939022240    -1.0948288379214839    2.22027684273332291199
1.9148783938459959    -1.0948288379168991    2.22246783728484460633
1.9148783937897680    -1.0948288379123070    2.22426004008393811634
1.9148783937335390    -1.0948288379077089    2.22626470795107886608
1.9148783936773111    -1.0948288379031030    2.22722994414484027747
1.9148783936210820    -1.0948288378984870    2.22980756942955439743
1.9148783935648539    -1.0948288378938600    2.23257211515498500318
1.9148783935086260    -1.0948288378892179    2.23533510349846411625
1.9148783934523970    -1.0948288378845570    2.23931371650058196228
1.9148783933961691    -1.0948288378798741    2.24483247793892878950
1.9148783933399409    -1.0948288378751589    2.25185140093627944699
1.9148783932837119    -1.0948288378704030    2.26121692971594777269
1.9148783932274840    -1.0948288378655879    2.27267241888083677652
1.9148783931712550    -1.0948288378606899    2.29037456463404998129
1.9148783931150271    -1.0948288378556630    2.31609146665141988112
1.9148783930587989    -1.0948288378504261    2.35598376887163885778
1.9148783930025699    -1.0948288378448170    2.42365043163523869113
1.9148783929463420    -1.0948288378384610    2.55096579320759689704
1.9148783928901141    -1.0948288378303501    2.80938296275979707125
1.9148783928338851    -1.0948288378175979    3.26854483095820744437
1.9148783928122590    -1.0948288378585769    3.43756801494422342246
1.9148783927776569    -1.0948288378476889    3.15283727732886208113
1.9148783927214279    -1.0948288378364301    2.73163370119079575269
1.9148783926652000    -1.0948288378288820    2.51347688603531106873
1.9148783926089721    -1.0948288378227520    2.40497748011540783339
1.9148783925527431    -1.0948288378172510    2.34509753483824233975
1.9148783924965149    -1.0948288378120730    2.30866983514946836720
1.9148783924402859    -1.0948288378070810    2.28537895109835540526
1.9148783923840580    -1.0948288378022051    2.26924666806056930368
1.9148783923278301    -1.0948288377974060    2.25874849875589622556
1.9148783922716011    -1.0948288377926609    2.25008870086676425492
1.9148783922153729    -1.0948288377879540    2.24376766512631558356
1.9148783921591450    -1.0948288377832760    2.23853701819772063822
1.9148783921029160    -1.0948288377786199    2.23470967106251394403
1.9148783920466881    -1.0948288377739821    2.23146278587606785356
1.9148783919904591    -1.0948288377693569    2.22919156903131758388
1.9148783919342309    -1.0948288377647439    2.22635525440993263416
1.9148783918780030    -1.0948288377601401    2.22455008662739527276
1.9148783918217740    -1.0948288377555440    2.22350111288198469886
1.9148783917655461    -1.0948288377509530    2.22096235525180058044
1.9148783917093180    -1.0948288377463691    2.22043275159369268195
1.9148783916530889    -1.0948288377417890    2.21979558539772429764
1.9148783915968610    -1.0948288377372131    2.21841093561591453038
1.9148783915406320    -1.0948288377326401    2.21806954152871803050
1.9148783914844041    -1.0948288377280710    2.21776426961271558237
1.9148783914281760    -1.0948288377235040    2.21632789541423313269
1.9148783913719469    -1.0948288377189399    2.21607715297937388904
1.9148783913157190    -1.0948288377143769    2.21622234277390809873
1.9148783912594900    -1.0948288377098170    2.21542616486448216626
1.9148783912032621    -1.0948288377052580    2.21450788000728787533
1.9148783911470340    -1.0948288377007009    2.21379930628904963530
1.9148783910908049    -1.0948288376961450    2.21406755949517793374
1.9148783910345770    -1.0948288376915900    2.21367250000033791309
1.9148783909783491    -1.0948288376870361    2.21305979694614054923
1.9148783909221201    -1.0948288376824840    2.21406204579415004634
1.9148783908658920    -1.0948288376779320    2.21333407311781614154
1.9148783908096629    -1.0948288376733810    2.21274390187561847314
1.9148783907534350    -1.0948288376688311    2.21248415547595669796
