-1.168927035687355
-1.168338800393237
-1.16775056509912
-1.167162329805002
-1.166574094510884
-1.165985859216767
-1.165397623922649
-1.164809388628531
-1.164221153334414
-1.163632918040296
-1.163044682746179
-1.162456447452061
-1.161868212157943
-1.161279976863826
-1.160691741569708
-1.16010350627559
-1.159515270981473
-1.158927035687355
-1.158338800393237
-1.15775056509912
-1.157162329805002
-1.156574094510884
-1.155985859216767
-1.155397623922649
-1.154809388628531
-1.154221153334414
-1.153632918040296
-1.153044682746179
-1.152456447452061
-1.151868212157943
-1.151279976863826
-1.150691741569708
-1.15010350627559
-1.149515270981473
-1.148927035687355
-1.148927035687355
-1.148338800393237
-1.14775056509912
-1.147162329805002
-1.146574094510884
-1.145985859216767
-1.145397623922649
-1.144809388628531
-1.144221153334414
-1.143632918040296
-1.143044682746179
-1.142456447452061
-1.141868212157943
-1.141279976863826
-1.140691741569708
-1.14010350627559
-1.139515270981473
-1.138927035687355
-1.138338800393237
-1.13775056509912
-1.137162329805002
-1.136574094510884
-1.135985859216767
-1.135397623922649
-1.134809388628531
-1.134221153334414
-1.133632918040296
-1.133044682746179
-1.132456447452061
-1.131868212157943
-1.131279976863826
-1.130691741569708
-1.13010350627559
-1.129515270981473
-1.128927035687355