-1.150927035687355
-1.150868212157943
-1.150809388628531
-1.15075056509912
-1.150691741569708
-1.150632918040296
-1.150574094510884
-1.150515270981473
-1.150456447452061
-1.150397623922649
-1.150338800393237
-1.150279976863826
-1.150221153334414
-1.150162329805002
-1.15010350627559
-1.150044682746179
-1.149985859216767
-1.149927035687355
-1.149868212157943
-1.149809388628531
-1.14975056509912
-1.149691741569708
-1.149632918040296
-1.149574094510884
-1.149515270981473
-1.149456447452061
-1.149397623922649
-1.149338800393237
-1.149279976863826
-1.149221153334414
-1.149162329805002
-1.14910350627559
-1.149044682746179
-1.148985859216767
-1.148927035687355
-1.148927035687355
-1.148868212157943
-1.148809388628531
-1.14875056509912
-1.148691741569708
-1.148632918040296
-1.148574094510884
-1.148515270981473
-1.148456447452061
-1.148397623922649
-1.148338800393237
-1.148279976863826
-1.148221153334414
-1.148162329805002
-1.14810350627559
-1.148044682746179
-1.147985859216767
-1.147927035687355
-1.147868212157943
-1.147809388628531
-1.14775056509912
-1.147691741569708
-1.147632918040296
-1.147574094510884
-1.147515270981473
-1.147456447452061
-1.147397623922649
-1.147338800393237
-1.147279976863826
-1.147221153334414
-1.147162329805002
-1.14710350627559
-1.147044682746179
-1.146985859216767
-1.146927035687355