-2.631197808380353
-2.630609573086235
-2.630021337792118
-2.629433102498
-2.628844867203882
-2.628256631909765
-2.627668396615647
-2.627080161321529
-2.626491926027412
-2.625903690733294
-2.625315455439177
-2.624727220145059
-2.624138984850941
-2.623550749556824
-2.622962514262706
-2.622374278968588
-2.621786043674471
-2.621197808380353
-2.620609573086235
-2.620021337792118
-2.619433102498
-2.618844867203882
-2.618256631909765
-2.617668396615647
-2.617080161321529
-2.616491926027412
-2.615903690733294
-2.615315455439177
-2.614727220145059
-2.614138984850941
-2.613550749556824
-2.612962514262706
-2.612374278968588
-2.611786043674471
-2.611197808380353
-2.611197808380353
-2.610609573086235
-2.610021337792118
-2.609433102498
-2.608844867203882
-2.608256631909765
-2.607668396615647
-2.607080161321529
-2.606491926027412
-2.605903690733294
-2.605315455439177
-2.604727220145059
-2.604138984850941
-2.603550749556824
-2.602962514262706
-2.602374278968588
-2.601786043674471
-2.601197808380353
-2.600609573086235
-2.600021337792118
-2.599433102498
-2.598844867203882
-2.598256631909765
-2.597668396615647
-2.597080161321529
-2.596491926027412
-2.595903690733294
-2.595315455439177
-2.594727220145059
-2.594138984850941
-2.593550749556824
-2.592962514262706
-2.592374278968588
-2.591786043674471
-2.591197808380353