-2.613197808380353
-2.613138984850941
-2.613080161321529
-2.613021337792118
-2.612962514262706
-2.612903690733294
-2.612844867203882
-2.612786043674471
-2.612727220145059
-2.612668396615647
-2.612609573086235
-2.612550749556824
-2.612491926027412
-2.612433102498
-2.612374278968588
-2.612315455439177
-2.612256631909765
-2.612197808380353
-2.612138984850941
-2.612080161321529
-2.612021337792118
-2.611962514262706
-2.611903690733294
-2.611844867203882
-2.611786043674471
-2.611727220145059
-2.611668396615647
-2.611609573086235
-2.611550749556824
-2.611491926027412
-2.611433102498
-2.611374278968588
-2.611315455439177
-2.611256631909765
-2.611197808380353
-2.611197808380353
-2.611138984850941
-2.611080161321529
-2.611021337792118
-2.610962514262706
-2.610903690733294
-2.610844867203882
-2.610786043674471
-2.610727220145059
-2.610668396615647
-2.610609573086235
-2.610550749556824
-2.610491926027412
-2.610433102498
-2.610374278968588
-2.610315455439177
-2.610256631909765
-2.610197808380353
-2.610138984850941
-2.610080161321529
-2.610021337792118
-2.609962514262706
-2.609903690733294
-2.609844867203882
-2.609786043674471
-2.609727220145059
-2.609668396615647
-2.609609573086235
-2.609550749556824
-2.609491926027412
-2.609433102498
-2.609374278968588
-2.609315455439177
-2.609256631909765
-2.609197808380353