-2.611237808380353
-2.611236631909765
-2.611235455439177
-2.611234278968588
-2.611233102498
-2.611231926027412
-2.611230749556824
-2.611229573086235
-2.611228396615647
-2.611227220145059
-2.611226043674471
-2.611224867203882
-2.611223690733294
-2.611222514262706
-2.611221337792118
-2.611220161321529
-2.611218984850941
-2.611217808380353
-2.611216631909765
-2.611215455439177
-2.611214278968588
-2.611213102498
-2.611211926027412
-2.611210749556824
-2.611209573086235
-2.611208396615647
-2.611207220145059
-2.611206043674471
-2.611204867203882
-2.611203690733294
-2.611202514262706
-2.611201337792118
-2.611200161321529
-2.611198984850941
-2.611197808380353
-2.611197808380353
-2.611196631909765
-2.611195455439177
-2.611194278968588
-2.611193102498
-2.611191926027412
-2.611190749556824
-2.611189573086235
-2.611188396615647
-2.611187220145059
-2.611186043674471
-2.611184867203882
-2.611183690733294
-2.611182514262706
-2.611181337792118
-2.611180161321529
-2.611178984850941
-2.611177808380353
-2.611176631909765
-2.611175455439177
-2.611174278968588
-2.611173102498
-2.611171926027412
-2.611170749556824
-2.611169573086235
-2.611168396615647
-2.611167220145059
-2.611166043674471
-2.611164867203882
-2.611163690733294
-2.611162514262706
-2.611161337792118
-2.611160161321529
-2.611158984850941
-2.611157808380353