-2.611198508380353
-2.611198487792118
-2.611198467203882
-2.611198446615647
-2.611198426027412
-2.611198405439177
-2.611198384850941
-2.611198364262706
-2.611198343674471
-2.611198323086235
-2.611198302498
-2.611198281909765
-2.611198261321529
-2.611198240733294
-2.611198220145059
-2.611198199556824
-2.611198178968588
-2.611198158380353
-2.611198137792118
-2.611198117203882
-2.611198096615647
-2.611198076027412
-2.611198055439177
-2.611198034850941
-2.611198014262706
-2.611197993674471
-2.611197973086235
-2.611197952498
-2.611197931909765
-2.611197911321529
-2.611197890733294
-2.611197870145059
-2.611197849556824
-2.611197828968588
-2.611197808380353
-2.611197808380353
-2.611197787792118
-2.611197767203882
-2.611197746615647
-2.611197726027412
-2.611197705439177
-2.611197684850941
-2.611197664262706
-2.611197643674471
-2.611197623086235
-2.611197602498
-2.611197581909765
-2.611197561321529
-2.611197540733294
-2.611197520145059
-2.611197499556824
-2.611197478968588
-2.611197458380353
-2.611197437792118
-2.611197417203882
-2.611197396615647
-2.611197376027412
-2.611197355439177
-2.611197334850941
-2.611197314262706
-2.611197293674471
-2.611197273086235
-2.611197252498
-2.611197231909765
-2.611197211321529
-2.611197190733294
-2.611197170145059
-2.611197149556824
-2.611197128968588
-2.611197108380353