-2.611197818380353
-2.611197818086235
-2.611197817792118
-2.611197817498
-2.611197817203882
-2.611197816909765
-2.611197816615647
-2.611197816321529
-2.611197816027412
-2.611197815733294
-2.611197815439177
-2.611197815145059
-2.611197814850941
-2.611197814556824
-2.611197814262706
-2.611197813968588
-2.611197813674471
-2.611197813380353
-2.611197813086235
-2.611197812792118
-2.611197812498
-2.611197812203882
-2.611197811909765
-2.611197811615647
-2.611197811321529
-2.611197811027412
-2.611197810733294
-2.611197810439177
-2.611197810145059
-2.611197809850941
-2.611197809556824
-2.611197809262706
-2.611197808968588
-2.611197808674471
-2.611197808380353
-2.611197808380353
-2.611197808086235
-2.611197807792118
-2.611197807498
-2.611197807203882
-2.611197806909765
-2.611197806615647
-2.611197806321529
-2.611197806027412
-2.611197805733294
-2.611197805439177
-2.611197805145059
-2.611197804850941
-2.611197804556824
-2.611197804262706
-2.611197803968588
-2.611197803674471
-2.611197803380353
-2.611197803086235
-2.611197802792118
-2.611197802498
-2.611197802203882
-2.611197801909765
-2.611197801615647
-2.611197801321529
-2.611197801027412
-2.611197800733294
-2.611197800439177
-2.611197800145059
-2.611197799850941
-2.611197799556824
-2.611197799262706
-2.611197798968588
-2.611197798674471
-2.611197798380353