-2.611197808410353
-2.611197808409471
-2.611197808408588
-2.611197808407706
-2.611197808406824
-2.611197808405941
-2.611197808405059
-2.611197808404177
-2.611197808403294
-2.611197808402412
-2.611197808401529
-2.611197808400647
-2.611197808399765
-2.611197808398882
-2.611197808398
-2.611197808397118
-2.611197808396235
-2.611197808395353
-2.611197808394471
-2.611197808393588
-2.611197808392706
-2.611197808391824
-2.611197808390941
-2.611197808390059
-2.611197808389177
-2.611197808388294
-2.611197808387412
-2.611197808386529
-2.611197808385647
-2.611197808384765
-2.611197808383882
-2.611197808383
-2.611197808382118
-2.611197808381235
-2.611197808380353
-2.611197808380353
-2.611197808379471
-2.611197808378588
-2.611197808377706
-2.611197808376824
-2.611197808375941
-2.611197808375059
-2.611197808374177
-2.611197808373294
-2.611197808372412
-2.611197808371529
-2.611197808370647
-2.611197808369765
-2.611197808368882
-2.611197808368
-2.611197808367118
-2.611197808366235
-2.611197808365353
-2.611197808364471
-2.611197808363588
-2.611197808362706
-2.611197808361824
-2.611197808360941
-2.611197808360059
-2.611197808359177
-2.611197808358294
-2.611197808357412
-2.611197808356529
-2.611197808355647
-2.611197808354765
-2.611197808353882
-2.611197808353
-2.611197808352118
-2.611197808351235
-2.611197808350353