-2.611197808380453
-2.61119780838045
-2.611197808380447
-2.611197808380444
-2.611197808380441
-2.611197808380438
-2.611197808380435
-2.611197808380432
-2.611197808380429
-2.611197808380427
-2.611197808380424
-2.611197808380421
-2.611197808380418
-2.611197808380415
-2.611197808380412
-2.611197808380409
-2.611197808380406
-2.611197808380403
-2.6111978083804
-2.611197808380397
-2.611197808380394
-2.611197808380391
-2.611197808380388
-2.611197808380385
-2.611197808380382
-2.611197808380379
-2.611197808380377
-2.611197808380374
-2.611197808380371
-2.611197808380368
-2.611197808380365
-2.611197808380362
-2.611197808380359
-2.611197808380356
-2.611197808380353
-2.611197808380353
-2.61119780838035
-2.611197808380347
-2.611197808380344
-2.611197808380341
-2.611197808380338
-2.611197808380335
-2.611197808380332
-2.611197808380329
-2.611197808380327
-2.611197808380324
-2.611197808380321
-2.611197808380318
-2.611197808380315
-2.611197808380312
-2.611197808380309
-2.611197808380306
-2.611197808380303
-2.6111978083803
-2.611197808380297
-2.611197808380294
-2.611197808380291
-2.611197808380288
-2.611197808380285
-2.611197808380282
-2.611197808380279
-2.611197808380277
-2.611197808380274
-2.611197808380271
-2.611197808380268
-2.611197808380265
-2.611197808380262
-2.611197808380259
-2.611197808380256
-2.611197808380253