-4.10331084177
-4.1033108417688
-4.1033108417676
-4.1033108417664
-4.1033108417652
-4.103310841764
-4.1033108417628
-4.1033108417616
-4.1033108417604
-4.1033108417592
-4.103310841758
-4.1033108417568
-4.1033108417556
-4.1033108417544
-4.1033108417532
-4.103310841752
-4.1033108417508
-4.1033108417496
-4.1033108417484
-4.1033108417472
-4.103310841746
-4.1033108417448
-4.1033108417436
-4.1033108417424
-4.1033108417412
-4.103310841740555
-4.10331084174
-4.1033108417388
-4.1033108417376
-4.1033108417364
-4.1033108417352
-4.103310841734
-4.1033108417328
-4.1033108417316
-4.1033108417304
-4.1033108417292
-4.103310841728
-4.1033108417268
-4.1033108417256
-4.1033108417244
-4.1033108417232
-4.103310841722
-4.1033108417208
-4.1033108417196
-4.1033108417184
-4.1033108417172
-4.103310841716
-4.1033108417148
-4.1033108417136
-4.1033108417124
-4.1033108417112
-4.10331084171