4.5000000000000000    -2.4194358062099259    3.45324258121184433814
4.4874999999999998    -2.4133833060644143    3.44983737037109030265
4.4749999999999996    -2.4073087838374176    3.44836666981996622602
4.4625000000000004    -2.4012106509494222    3.44673746800597831852
4.4500000000000002    -2.3950874794295944    3.44652963608589022479
4.4375000000000000    -2.3889380180202777    3.44593193345737909571
4.4249999999999998    -2.3827612094002695    3.44572821923689419669
4.4189501372590589    -2.3797616209036598    3.44679847478399960107
4.4124999999999996    -2.3765562076619693    3.44768979422634839972
4.4000000000000004    -2.3703223951818853    3.45019805420216295680
4.3875000000000002    -2.3640593981265581    3.45186796548868946467
4.3750000000000000    -2.3577671000433469    3.45544717600698196385
4.3624999999999998    -2.3514456532925196    3.45756593147739514096
4.3499999999999996    -2.3450954884665940    3.46283821374589023830
4.3375000000000004    -2.3387173223883706    3.46744981690680195187
4.3250000000000002    -2.3323121657497050    3.47327144869418517046
4.3125000000000000    -2.3258813319195073    3.47838695034917427308
4.2999999999999998    -2.3194264488884713    3.48785874332341710525
4.2874999999999996    -2.3129494767133316    3.49656374657457522711
4.2750000000000004    -2.3064527331598135    3.50628376958361271222
4.2625000000000002    -2.2999389304919173    3.51779537775257022990
4.2500000000000000    -2.2934112264444182    3.53117587772937592257
4.2374999999999998    -2.2868732921832846    3.54551130032257260294
4.2249999999999996    -2.2803293991753826    3.56378966319444716077
4.2125000000000004    -2.2737845247453388    3.58367837834690142369
4.2000000000000002    -2.2672444716711109    3.60528195975448985128
4.1875000000000000    -2.2607159889422137    3.62816535784634385691
4.1749999999999998    -2.2542068669623263    3.65314243948690276875
4.1624999999999996    -2.2477259599210875    3.67884692067336356298
4.1500000000000004    -2.2412830630487495    3.70142678375374211005
4.1375000000000002    -2.2348885533715266    3.72185859345219303431
4.1250000000000000    -2.2285527124343427    3.73579629332540259345
4.1124999999999998    -2.2222847195498345    3.74071102730106347443
4.1033108417405550    -2.2177243042250989    3.74005176832730638708
4.0999999999999996    -2.2160914476574551    3.73800365004365016766
4.0875000000000004    -2.2099763619075907    3.72473835867467592108
4.0750000000000002    -2.2039388927782513    3.70057326891972153664
4.0625000000000000    -2.1979745260652646    3.67016989877790421478
4.0499999999999998    -2.1920755648216943    3.63441140548179801215
4.0374999999999996    -2.1862322627037760    3.59747551462598203213
4.0250000000000004    -2.1804339623864242    3.55961200825204869980
4.0125000000000002    -2.1746699861102710    3.52453845350879537346
4.0000000000000000    -2.1689301944154287    3.49306500065079639878
3.9874999999999998    -2.1632052512814499    3.46417388109956227420
3.9750000000000001    -2.1574866832831119    3.43791284228193505328
3.9624999999999999    -2.1517668194794508    3.41669662754776294763
3.9500000000000002    -2.1460386774212883    3.39904538388575669242
3.9375000000000000    -2.1402958376189378    3.38479191289335954243
3.9249999999999998    -2.1345323312942175    3.37418708835587061678
3.9125000000000001    -2.1287425550284156    3.36669915849792111568
3.8999999999999999    -2.1229212193935836    3.35906424911881519363

4.5000000000000000    -2.3862252875031174    3.46679307976318617644
4.4874999999999998    -2.3793908732488673    3.50923969900840510548
4.4749999999999996    -2.3725868093249427    3.55874033977117831947
4.4625000000000004    -2.3658344331756895    3.61764029455712251269
4.4500000000000002    -2.3591660228714151    3.68259136560239221905
4.4375000000000000    -2.3526277947063399    3.74050651442896846493
4.4249999999999998    -2.3462757582339404    3.76456491387130795273
4.4189501372590589    -2.3432830300608423    3.75425881907597619718
4.4124999999999996    -2.3401551434745800    3.72975292299451186245
4.4000000000000004    -2.3342714893812428    3.63955611335180478222
4.3875000000000002    -2.3285866423454049    3.52941006466818970417
4.3750000000000000    -2.3230451924948854    3.42764548833107195029
4.3624999999999998    -2.3175985137953234    3.34552743745110173451
4.3499999999999996    -2.3122117528757262    3.28232215856019610449
4.3375000000000004    -2.3068616479885096    3.23321486225596056848
4.3250000000000002    -2.3015327497683002    3.19674331022995475752
4.3125000000000000    -2.2962144860674476    3.17048632123791644319
4.2999999999999998    -2.2908992492477047    3.15129216173034151696
4.2874999999999996    -2.2855812026501159    3.13610647569407176099
4.2750000000000004    -2.2802555280745747    3.12512119259143180934
4.2625000000000002    -2.2749179311483183    3.11855227870151913887
4.2500000000000000    -2.2695642939374894    3.11587184789769996779
4.2374999999999998    -2.2641904091706784    3.11447339873846193404
4.2249999999999996    -2.2587917573200071    3.11723960547333274300
4.2125000000000004    -2.2533633048056547    3.12137179830525158825
4.2000000000000002    -2.2478993145752888    3.12877838009078195316
4.1875000000000000    -2.2423931735323865    3.14002534162725815579
4.1749999999999998    -2.2368372581004832    3.15161463239147786731
4.1624999999999996    -2.2312228815744333    3.16555389203976437779
4.1500000000000004    -2.2255403930487474    3.18228237421962050499
4.1375000000000002    -2.2197795175338477    3.19740560181519688091
4.1250000000000000    -2.2139300175045680    3.21216659777891956596
4.1124999999999998    -2.2079826863678389    3.22609213461507204446
4.1033108417405550    -2.2035440350168809    3.23335327941885221142
4.0999999999999996    -2.2019305410567869    3.23639862268599175503
4.0875000000000004    -2.1957699131208930    3.24156798437582588336
4.0750000000000002    -2.1895010661578667    3.24592335245759372052
4.0625000000000000    -2.1831280970659686    3.24701831557706140931
4.0499999999999998    -2.1766581660480480    3.24460130759731384229
4.0374999999999996    -2.1701003561536099    3.24161022047043347592
4.0250000000000004    -2.1634645292650259    3.23970275984473533989
4.0125000000000002    -2.1567604325102105    3.23768938564518191699
4.0000000000000000    -2.1499971408135576    3.23771547707868006193
3.9874999999999998    -2.1431828002701718    3.23926361668247783957
3.9750000000000001    -2.1363245894904508    3.24290323916344210031
3.9624999999999999    -2.1294288200879850    3.24924894469464553342
3.9500000000000002    -2.1225011243645144    3.25669547096132590649
3.9375000000000000    -2.1155467116540096    3.26805111068822227560
3.9249999999999998    -2.1085707128906721    3.28187519045797265922
3.9125000000000001    -2.1015786879295040    3.30334504719743865964
3.8999999999999999    -2.0945774766813310    3.33169268625897662078

4.5000000000000000    -2.3719450341961075    3.07266540172938308747
4.4874999999999998    -2.3666921306785222    3.10368971325497837541
4.4749999999999996    -2.3613899762846557    3.14310198577104523907
4.4625000000000004    -2.3560176840653404    3.19745096838011153223
4.4500000000000002    -2.3505433315030473    3.26702391637944549200
4.4375000000000000    -2.3449209665241475    3.34549089706121937889
4.4249999999999998    -2.3390947545871468    3.41529163176978922223
4.4189501372590589    -2.3361870330430450    3.43769913281661280416
4.4124999999999996    -2.3330195520255090    3.45088425934685598807
4.4000000000000004    -2.3266898164413394    3.44388641200464029916
4.3875000000000002    -2.3201436052036644    3.41232084941796028088
4.3750000000000000    -2.3134361340733021    3.37610805683016031446
4.3624999999999998    -2.3066157296369822    3.34189603881486278466
4.3499999999999996    -2.2997168302242521    3.31673290688308970535
4.3375000000000004    -2.2927621533655653    3.29793645588276324162
4.3250000000000002    -2.2857664574414525    3.28542802757433284361
4.3125000000000000    -2.2787394543709398    3.27621448938029366884
4.2999999999999998    -2.2716876938632367    3.27059030957794623319
4.2874999999999996    -2.2646157211632518    3.26736376825639724167
4.2750000000000004    -2.2575267848559180    3.26510743558343435248
4.2625000000000002    -2.2504232760425622    3.26440875257562945614
4.2500000000000000    -2.2433070077016475    3.26494404566728335052
4.2374999999999998    -2.2361793984407234    3.26658788887073966056
4.2249999999999996    -2.2290415993208157    3.26737005022204523652
4.2125000000000004    -2.2218945886819479    3.26956658672414145249
4.2000000000000002    -2.2147392539682249    3.27445626987191296012
4.1875000000000000    -2.2075764808727349    3.27813608893899227983
4.1749999999999998    -2.2004072834173685    3.28429535378472318855
4.1624999999999996    -2.1932330533703603    3.29377817642152470276
4.1500000000000004    -2.1860561611289389    3.30631780670174930904
4.1375000000000002    -2.1788817733720331    3.33289050630208577748
4.1250000000000000    -2.1717252940468414    3.39179320569778555770
4.1124999999999998    -2.1646626119842143    3.58338084175883611615
4.1033108417405550    -2.1598397681815582    3.76421481422399229703
4.0999999999999996    -2.1583167782484791    3.62349973946672000236
4.0875000000000004    -2.1532189268067725    3.15147553064737978188
4.0750000000000002    -2.1483742084965289    3.03568147825434773621
4.0625000000000000    -2.1435702570001567    2.99634317749489551127
4.0499999999999998    -2.1387766339396417    2.97973802692558626163
4.0374999999999996    -2.1339850440931740    2.97068567113894723840
4.0250000000000004    -2.1291921921456098    2.96499773220542662470
4.0125000000000002    -2.1243963698179287    2.96179313778815523619
4.0000000000000000    -2.1195964629164390    2.96092421363117460232
3.9874999999999998    -2.1147915764208700    2.95914436324171375276
3.9750000000000001    -2.1099808529959421    2.95994002655810635200
3.9624999999999999    -2.1051633527591842    2.96140548304919903498
3.9500000000000002    -2.1003379382663296    2.96477846239313972809
3.9375000000000000    -2.0955031254975940    2.96851472985260673716
3.9249999999999998    -2.0906568515696473    2.97683986750618192856
3.9125000000000001    -2.0857960707278438    2.98603332229970319352
3.8999999999999999    -2.0809159921717213    3.00230656203083458864

4.5000000000000000    -2.3250444201314417    3.27810047796390709109
4.4874999999999998    -2.3178698849115933    3.27960780026202621614
4.4749999999999996    -2.3106923406169955    3.28046579763112098617
4.4625000000000004    -2.3035120168140990    3.28250274975751278974
4.4500000000000002    -2.2963294460455090    3.28556437836157700662
4.4375000000000000    -2.2891464857456949    3.29814498583815333597
4.4249999999999998    -2.2819793016010927    3.39221182001198977253
4.4189501372590589    -2.2786721015833988    3.78073331126026028416
4.4124999999999996    -2.2760681113570636    3.07090438798128487403
4.4000000000000004    -2.2713415696299251    2.97355234703141083595
4.3875000000000002    -2.2666304839219915    2.96269268792735933891
4.3750000000000000    -2.2619202159973231    2.95915869150325809111
4.3624999999999998    -2.2572089824605555    2.95695588542454058153
4.3499999999999996    -2.2524962538176387    2.95512635063069904859
4.3375000000000004    -2.2477817916400347    2.95472818506943900752
4.3250000000000002    -2.2430654524478664    2.95447977917186448073
4.3125000000000000    -2.2383471290478045    2.95356868204475815870
4.2999999999999998    -2.2336267281391415    2.95408152525904156376
4.2874999999999996    -2.2289041598026982    2.95406435571643654335
4.2750000000000004    -2.2241793312780391    2.95294839875463984900
4.2625000000000002    -2.2194521420743762    2.95359054658765751798
4.2500000000000000    -2.2147224788647115    2.95226569392649667981
4.2374999999999998    -2.2099902088816035    2.95407172632603548003
4.2249999999999996    -2.2052551701453269    2.95459719143099627044
4.2125000000000004    -2.2005171556758434    2.95402675447426701959
4.2000000000000002    -2.1957758861133820    2.95565160999947842209
4.1875000000000000    -2.1910309587558494    2.95648722748095707708
4.1749999999999998    -2.1862817446708891    2.96164236847441248736
4.1624999999999996    -2.1815271588821012    2.96612571068298796540
4.1500000000000004    -2.1767650737345101    2.97729496332145151106
4.1375000000000002    -2.1719905116188998    3.00002893118904899396
4.1250000000000000    -2.1671882114858456    3.06130648390409673882
4.1124999999999998    -2.1622823865188887    3.28789024464250855613
4.1033108417405550    -2.1583006248482111    3.70378453886129162340
4.0999999999999996    -2.1566500502941279    3.70049469955610108637
4.0875000000000004    -2.1497600981022966    3.41623116469352852719
4.0750000000000002    -2.1426073735766127    3.33151000965104365390
4.0625000000000000    -2.1354042019118733    3.30341708725859607189
4.0499999999999998    -2.1281809424212450    3.29151439237748284273
4.0374999999999996    -2.1209457691220788    3.28658036919265780828
4.0250000000000004    -2.1137018074046425    3.28454456914805765339
4.0125000000000002    -2.1064505370649069    3.28288270879522492939
4.0000000000000000    -2.0991927707512370    3.28258702124851691785
3.9874999999999998    -2.0919290074124941    3.28291378714084431984
3.9750000000000001    -2.0846595815529709    3.28275385077120384421
3.9624999999999999    -2.0773847339469267    3.28482959939491573568
3.9500000000000002    -2.0701046483132246    3.28534856984837277485
3.9375000000000000    -2.0628194718676252    3.28587050665949295691
3.9249999999999998    -2.0555293277821964    3.28766802916437685545
3.9125000000000001    -2.0482343236041949    3.28831371841937629050
3.8999999999999999    -2.0409345582067151    3.28922137300171279215

4.5000000000000000    -2.3089188665501275    2.95756291899424974992
4.4874999999999998    -2.3042249042554479    2.95805307083217200893
4.4749999999999996    -2.2995292173804960    2.95833057717934922218
4.4625000000000004    -2.2948315830151089    2.95993811746756261996
4.4500000000000002    -2.2901314709241740    2.96304729360110401899
4.4375000000000000    -2.2854270219400488    2.97554386433505017873
4.4249999999999998    -2.2807020648182581    3.08110625585548216919
4.4189501372590589    -2.2782518971010957    3.77459190888942732671
4.4124999999999996    -2.2747163725676849    3.37809423060438638329
4.4000000000000004    -2.2675412777052468    3.29447668481737202754
4.3875000000000002    -2.2603459562406725    3.28422273357445716844
4.3750000000000000    -2.2531450262327453    3.28074750792169119026
4.3624999999999998    -2.2459402470690280    3.28021179919315728781
4.3499999999999996    -2.2387321201789279    3.27832896056966001950
4.3375000000000004    -2.2315208515398526    3.27813500844953399117
4.3250000000000002    -2.2243065473318855    3.27779625209441602103
4.3125000000000000    -2.2170892719607678    3.27761167918429574064
4.2999999999999998    -2.2098690695677767    3.27705663330617270792
4.2874999999999996    -2.2026459733065220    3.27732514780181070327
4.2750000000000004    -2.1954200098144927    3.27687830959133704115
4.2625000000000002    -2.1881912015633045    3.27667858874860598996
4.2500000000000000    -2.1809595681845568    3.27638811670355684525
4.2374999999999998    -2.1737251272648872    3.27730571934126604472
4.2249999999999996    -2.1664878948507660    3.27606358936293007647
4.2125000000000004    -2.1592478857894135    3.27599489822537726612
4.2000000000000002    -2.1520051139790386    3.27507446527369785972
4.1875000000000000    -2.1447595925797449    3.27577690370775419107
4.1749999999999998    -2.1375113342390768    3.27442629946805525303
4.1624999999999996    -2.1302603514302034    3.27475006431226567860
4.1500000000000004    -2.1230066571757744    3.27523492317792109282
4.1375000000000002    -2.1157502672001551    3.27347675356870312555
4.1250000000000000    -2.1084912093315191    3.27427149595318485952
4.1124999999999998    -2.1012296092585281    3.27604879908956210955
4.1033108417405550    -2.0959162134124001    3.77823442932074291607
4.0999999999999996    -2.0947319710495984    2.94126053471815917693
4.0875000000000004    -2.0903578251415955    2.93209031765900240171
4.0750000000000002    -2.0859829607054534    2.93164141930036749057
4.0625000000000000    -2.0816067388464812    2.93129675781764731423
4.0499999999999998    -2.0772290931763124    2.93136786194173620118
4.0374999999999996    -2.0728499852703721    2.93063727136635329392
4.0250000000000004    -2.0684693815470130    2.93121213866603710788
4.0125000000000002    -2.0640872491837454    2.93036871620064980548
4.0000000000000000    -2.0597035549354503    2.92958441716720985001
3.9874999999999998    -2.0553182646460089    2.93032076431964668643
3.9750000000000001    -2.0509313429575453    2.92965663776681738920
3.9624999999999999    -2.0465427530594740    2.93036641704963487674
3.9500000000000002    -2.0421524563977020    2.93089416628154672789
3.9375000000000000    -2.0377604122658841    2.92934103909323604741
3.9249999999999998    -2.0333665771505598    2.93000472994178774201
3.9125000000000001    -2.0289709035628656    2.92958129846297236020
3.8999999999999999    -2.0245733377181701    2.92882502924973768380

4.5000000000000000    -2.2523765581146917    3.23229607418866889124
4.4874999999999998    -2.2452170734842669    3.23013893923568294478
4.4749999999999996    -2.2380558953190466    3.23055626386568398196
4.4625000000000004    -2.2308930239966100    3.23041111519943725371
4.4500000000000002    -2.2237284600016558    3.22982301388318481287
4.4375000000000000    -2.2165622045938234    3.22899184240117006778
4.4249999999999998    -2.2093942687331602    3.22968123208048749073
4.4189501372590589    -2.2059300934345889    3.76908847564343546153
4.4124999999999996    -2.2036823149003690    2.93378915234456844031
4.4000000000000004    -2.1993365019210112    2.93444921498578595873
4.3875000000000002    -2.1949898045312519    2.93507994136087634767
4.3750000000000000    -2.1906421986639861    2.93469410495964083533
4.3624999999999998    -2.1862936686477759    2.93524042375008699076
4.3499999999999996    -2.1819441992833277    2.93508122598021105668
4.3375000000000004    -2.1775937752052066    2.93477113996932342755
4.3250000000000002    -2.1732423807431407    2.93278000288596458079
4.3125000000000000    -2.1688899998716740    2.93472113389133115670
4.2999999999999998    -2.1645366161825579    2.93348830411584039811
4.2874999999999996    -2.1601822128640498    2.93430104891885714519
4.2750000000000004    -2.1558267726821359    2.93395291586523417992
4.2625000000000002    -2.1514702779616028    2.93393703599454915118
4.2500000000000000    -2.1471127105657386    2.93352198907470838982
4.2374999999999998    -2.1427540518734416    2.93366546414127993487
4.2249999999999996    -2.1383942827520017    2.93316748123660529205
4.2125000000000004    -2.1340333835224716    2.93253106375192896626
4.2000000000000002    -2.1296713339115425    2.93358011628250055485
4.1875000000000000    -2.1253081129767581    2.93310895121484630638
4.1749999999999998    -2.1209436989736927    2.93329028015827884932
4.1624999999999996    -2.1165780690808664    2.93335577836391366209
4.1500000000000004    -2.1122111987180499    2.93290943762910841924
4.1375000000000002    -2.1078430594207975    2.93254490378980450555
4.1250000000000000    -2.1034736094533728    2.93285220697356567967
4.1124999999999998    -2.0991027080577016    2.93360829237904470945
4.1033108417405550    -2.0958621157093291    3.77985953368576363897
4.0999999999999996    -2.0939638349318965    3.28214872341936286272
4.0875000000000004    -2.0866974422324378    3.27265970012684433480
4.0750000000000002    -2.0794277221930138    3.27217861884687334943
4.0625000000000000    -2.0721552939023220    3.27217987516707401103
4.0499999999999998    -2.0648802027036006    3.27196026763560778548
4.0374999999999996    -2.0576024647012527    3.27130660433903478986
4.0250000000000004    -2.0503220898370960    3.27109375282136529274
4.0125000000000002    -2.0430390859186112    3.27062762688074051896
4.0000000000000000    -2.0357534597307834    3.27061206917783380086
3.9874999999999998    -2.0284652174343081    3.26895850815686656032
3.9750000000000001    -2.0211743647363019    3.26951834445878531180
3.9624999999999999    -2.0138809069745034    3.26966221706463912918
3.9500000000000002    -2.0065848491640379    3.26860201967872599947
3.9375000000000000    -1.9992861960262829    3.26807294327738227248
3.9249999999999998    -1.9919849520085082    3.26835326492169196168
3.9125000000000001    -1.9846811212985358    3.26753941839661308046
3.8999999999999999    -1.9773747078368697    3.26613833484054888554

4.5000000000000000    -2.2340789218594157    2.93579121237175342607
4.4874999999999998    -2.2297390227664722    2.93535300944896647424
4.4749999999999996    -2.2253983185554720    2.93572816592746705365
4.4625000000000004    -2.2210567969525807    2.93552732190003563329
4.4500000000000002    -2.2167144452182188    2.93529817566571427090
4.4375000000000000    -2.2123712494727337    2.93546213059437237857
4.4249999999999998    -2.2080271857639260    2.93546009193082120038
4.4189501372590589    -2.2059187605396149    3.77012866893423200009
4.4124999999999996    -2.2022245782393117    3.22869908932948288319
4.4000000000000004    -2.1950532543139265    3.22769855163117379586
4.3875000000000002    -2.1878802250960785    3.22772354642168058975
4.3750000000000000    -2.1807055000922055    3.22900499299834725631
4.3624999999999998    -2.1735290799983620    3.22846751078813370690
4.3499999999999996    -2.1663509646135886    3.22821721682093915984
4.3375000000000004    -2.1591711534674247    3.22693893286407301312
4.3250000000000002    -2.1519896459471419    3.22711163188661715926
4.3125000000000000    -2.1448064413358834    3.22675587810962548351
4.2999999999999998    -2.1376215388272040    3.22634886010538360921
4.2874999999999996    -2.1304349375317027    3.22650888874602834113
4.2750000000000004    -2.1232466364805194    3.22690280861001321669
4.2625000000000002    -2.1160566346274376    3.22601372351797202761
4.2500000000000000    -2.1088649308502934    3.22606602474207075745
4.2374999999999998    -2.1016715239520094    3.22685580495098693165
4.2249999999999996    -2.0944764126614142    3.22529676285015673518
4.2125000000000004    -2.0872795956339196    3.22584806528593770990
4.2000000000000002    -2.0800810714521152    3.22345483793364422239
4.1875000000000000    -2.0728808386262978    3.22447954317110467050
4.1749999999999998    -2.0656788955949685    3.22433234557465784914
4.1624999999999996    -2.0584752407253419    3.22407386737293858141
4.1500000000000004    -2.0512698723139628    3.22341913573329802889
4.1375000000000002    -2.0440627885878202    3.22222935516182537011
4.1250000000000000    -2.0368539877080933    3.22332477647898336232
4.1124999999999998    -2.0296434678018711    3.22265935421372259569
4.1033108417405550    -2.0243422258622941    3.75098162515250886911
4.0999999999999996    -2.0232783542194839    2.90141176220705662324
4.0875000000000004    -2.0192632714470644    2.90160260537264700319
4.0750000000000002    -2.0152473630735788    2.90158964326046634147
4.0625000000000000    -2.0112306156355229    2.90069846134906287141
4.0499999999999998    -2.0072130155750623    2.90074818826880720000
4.0374999999999996    -2.0031945490305771    2.90013078428310359935
4.0250000000000004    -1.9991752018183218    2.90192012765855253159
4.0125000000000002    -1.9951549594206619    2.90017112233905287907
4.0000000000000000    -1.9911338069749502    2.90102472476006927006
3.9874999999999998    -1.9871117292622058    2.90039611367993805931
3.9750000000000001    -1.9830887106953952    2.90073117884655933474
3.9624999999999999    -1.9790647353072257    2.90176205832639842112
3.9500000000000002    -1.9750397867373894    2.90065687179707562180
3.9375000000000000    -1.9710138482191937    2.90111622241892031957
3.9249999999999998    -1.9669869025654763    2.89982278808934505298
3.9125000000000001    -1.9629589321536312    2.90071116288634047549
3.8999999999999999    -1.9589299189093641    2.90022833869312445442

4.5000000000000000    -2.1713717644230548    3.19650519789309587888
4.4874999999999998    -2.1642977061691182    3.19524686423275064667
4.4749999999999996    -2.1572225037401735    3.19600657518456489565
4.4625000000000004    -2.1501461543865070    3.19690974667078698659
4.4500000000000002    -2.1430686553263816    3.19575262659493338022
4.4375000000000000    -2.1359900037460333    3.19556867073568799317
4.4249999999999998    -2.1289101968017974    3.19690326101307548275
4.4189501372590589    -2.1254833272945031    3.73990069993945216734
4.4124999999999996    -2.1234204389379618    2.90056193921284940574
4.4000000000000004    -2.1194224337550209    2.90153782813933562167
4.3875000000000002    -2.1154238563012941    2.90098722977882263782
4.3750000000000000    -2.1114246987004304    2.90242364300511768160
4.3624999999999998    -2.1074249529257405    2.90192421307768173237
4.3499999999999996    -2.1034246107942409    2.90174604824325592769
4.3375000000000004    -2.0994236639624488    2.90163545404545288302
4.3250000000000002    -2.0954221039221723    2.90175803538277111504
4.3125000000000000    -2.0914199219961862    2.90106172157582942140
4.2999999999999998    -2.0874171093337690    2.90105563293282107560
4.2874999999999996    -2.0834136569060924    2.90176670264162408120
4.2750000000000004    -2.0794095555014547    2.90231252452801595726
4.2625000000000002    -2.0754047957203512    2.90176945112057371452
4.2500000000000000    -2.0713993679703768    2.90134494673312872824
4.2374999999999998    -2.0673932624609450    2.90077955920498862206
4.2249999999999996    -2.0633864691978285    2.90124100005376929479
4.2125000000000004    -2.0593789779774996    2.90184544722320359746
4.2000000000000002    -2.0553707783812647    2.90148451746314081125
4.1875000000000000    -2.0513618597691838    2.90127049455984983872
4.1749999999999998    -2.0473522112737457    2.90155378323448165227
4.1624999999999996    -2.0433418217932604    2.90134551663293889425
4.1500000000000004    -2.0393306799848694    2.90217169557281633803
4.1375000000000002    -2.0353187742567700    2.90103932053722909121
4.1250000000000000    -2.0313060927575206    2.90098721518535765385
4.1124999999999998    -2.0272926233370656    2.90092097926581934855
4.1033108417405550    -2.0243411369282551    3.75108690349668644388
4.0999999999999996    -2.0224312262818356    3.22436619693251295656
4.0875000000000004    -2.0152172623942968    3.22224562989216543668
4.0750000000000002    -2.0080015730176832    3.22096800867772113078
4.0625000000000000    -2.0007841561827164    3.22191766977732422356
4.0499999999999998    -1.9935650096405042    3.22161151505134669558
4.0374999999999996    -1.9863441310626513    3.22038685929950824704
4.0250000000000004    -1.9791215180498505    3.22114070929695517592
4.0125000000000002    -1.9718971681334643    3.22115828527850207733
4.0000000000000000    -1.9646710787760235    3.21966258317056650906
3.9874999999999998    -1.9574432473714478    3.22103310470770991215
3.9750000000000001    -1.9502136712451610    3.22011238319771940400
3.9624999999999999    -1.9429823476541612    3.22118695423558214501
3.9500000000000002    -1.9357492737870590    3.22028889313895997498
3.9375000000000000    -1.9285144467640911    3.22044643255384478199
3.9249999999999998    -1.9212778636371168    3.21890948897174603493
3.9125000000000001    -1.9140395213895958    3.21932757118665876139
3.8999999999999999    -1.9067994169365461    3.22047279400556894823

4.5000000000000000    -2.1513910825758993    2.90251169060464973880
4.4874999999999998    -2.1473968748962782    2.90186992317419960546
4.4749999999999996    -2.1434021460912436    2.90241185680434563791
4.4625000000000004    -2.1394068892552056    2.90211069453199965533
4.4500000000000002    -2.1354110973541491    2.90175634468260580136
4.4375000000000000    -2.1314147632223164    2.90184323123382350326
4.4249999999999998    -2.1274178795566594    2.90221426689245218635
4.4189501372590589    -2.1254831371195526    3.74068285183378478639
4.4124999999999996    -2.1218292315954601    3.19671738221357658143
4.4000000000000004    -2.1147471052464391    3.19625369477635390175
4.3875000000000002    -2.1076638147913864    3.19667935792280361561
4.3750000000000000    -2.1005793572547877    3.19655947947537113314
4.3624999999999998    -2.0934937296255014    3.19627955253390156850
4.3499999999999996    -2.0864069288585956    3.19684315561083941823
4.3375000000000004    -2.0793189518753015    3.19652380990590954534
4.3250000000000002    -2.0722297955628370    3.19660402193944008053
4.3125000000000000    -2.0651394567741970    3.19615646777063649314
4.2999999999999998    -2.0580479323279373    3.19610118458611921154
4.2874999999999996    -2.0509552190079510    3.19630745950091020254
4.2750000000000004    -2.0438613135632391    3.19573965644169049943
4.2625000000000002    -2.0367662127076769    3.19564814956628301086
4.2500000000000000    -2.0296699131197737    3.19687006805036135122
4.2374999999999998    -2.0225724114424306    3.19752559218075807913
4.2249999999999996    -2.0154737042826927    3.19685466738288989828
4.2125000000000004    -2.0083737882114945    3.19700001312959691921
4.2000000000000002    -2.0012726597634027    3.19644728961346187134
4.1875000000000000    -1.9941703154363537    3.19757607048590609933
4.1749999999999998    -1.9870667516913869    3.19650621678309800533
4.1624999999999996    -1.9799619649523703    3.19739130857652949984
4.1500000000000004    -1.9728559516057258    3.19710876055379273719
4.1375000000000002    -1.9657487080001446    3.19696414143899657555
4.1250000000000000    -1.9586402304463020    3.19769660940930553991
4.1124999999999998    -1.9515305152165694    3.19670220335161542227
4.1033108417405550    -1.9463031469736074    3.71963832596223317024
4.0999999999999996    -1.9453339425102143    2.85944925359599839434
4.0875000000000004    -1.9416744168399651    2.85949068375510446712
4.0750000000000002    -1.9380143387539155    2.86060527054781951295
4.0625000000000000    -1.9343537002792428    2.86003763642307973236
4.0499999999999998    -1.9306924932825360    2.86124865180251103510
4.0374999999999996    -1.9270307094655172    2.85978072767740572856
4.0250000000000004    -1.9233683403606576    2.86047733596755652022
4.0125000000000002    -1.9197053773266450    2.85939732655175995113
4.0000000000000000    -1.9160418115436977    2.85987070285782143714
3.9874999999999998    -1.9123776340087213    2.85927250374309340234
3.9750000000000001    -1.9087128355302980    2.86034466789792384770
3.9624999999999999    -1.9050474067235046    2.85992381756795605616
3.9500000000000002    -1.9013813380045468    2.86060408060893184789
3.9375000000000000    -1.8977146195852095    2.85981471810975672017
3.9249999999999998    -1.8940472414671081    2.86105093285576676148
3.9125000000000001    -1.8903791934357366    2.86091598016540359160
3.8999999999999999    -1.8867104650543010    2.85971353909990685938

4.5000000000000000    -2.0836134422402672    3.18282938391125246351
4.4874999999999998    -2.0766650745321913    3.18332285854543334822
4.4749999999999996    -2.0697158632751620    3.18278117933942929652
4.4625000000000004    -2.0627658053714510    3.18356250493987638270
4.4500000000000002    -2.0558148976990025    3.18327168383771339812
4.4375000000000000    -2.0488631371112054    3.18344238864967792870
4.4249999999999998    -2.0419105204366694    3.18326275858184149252
4.4189501372590589    -2.0385452230034047    3.71285426275906477287
4.4124999999999996    -2.0366630135179142    2.85962845310147343323
4.4000000000000004    -2.0330151039825073    2.85962515221184185202
4.3875000000000002    -2.0293667992190700    2.86031413742026208299
4.3750000000000000    -2.0257180942124799    2.85976937367337764439
4.3624999999999998    -2.0220689838596986    2.85864534818214548174
4.3499999999999996    -2.0184194629677714    2.85952244744795137238
4.3375000000000004    -2.0147695262517722    2.85882425006657716563
4.3250000000000002    -2.0111191683326894    2.85837007936656544490
4.3125000000000000    -2.0074683837352492    2.86004532794830093525
4.2999999999999998    -2.0038171668856779    2.85962892882822415576
4.2874999999999996    -2.0001655121093997    2.85977113226549842576
4.2750000000000004    -1.9965134136286666    2.85919184756063903918
4.2625000000000002    -1.9928608655601172    2.85978571071537246515
4.2500000000000000    -1.9892078619122660    2.86057412079092713447
4.2374999999999998    -1.9855543965829165    2.85952665706664636847
4.2249999999999996    -1.9819004633564969    2.85957493907325016754
4.2125000000000004    -1.9782460559013171    2.85985959883893858520
4.2000000000000002    -1.9745911677667392    2.85961590929938765712
4.1875000000000000    -1.9709357923802662    2.86043892805141666304
4.1749999999999998    -1.9672799230445377    2.85966305939997958896
4.1624999999999996    -1.9636235529342352    2.85998179843129807665
4.1500000000000004    -1.9599666750928890    2.86057931834384487468
4.1375000000000002    -1.9563092824295873    2.85940364821580559262
4.1250000000000000    -1.9526513677155808    2.85977294063480201158
4.1124999999999998    -1.9489929235807724    2.86049918809846421782
4.1033108417405550    -1.9463031326136493    3.72083736065750821640
4.0999999999999996    -1.9444195585446078    3.19773239953159546588
4.0875000000000004    -1.9373073566254735    3.19729542586026605692
4.0750000000000002    -1.9301939056146358    3.19702126539946024039
4.0625000000000000    -1.9230792016282283    3.19769326883870889477
4.0499999999999998    -1.9159632407425011    3.19704840286590059113
4.0374999999999996    -1.9088460189935281    3.19859267863930410479
4.0250000000000004    -1.9017275323768792    3.19770068097216636927
4.0125000000000002    -1.8946077768472835    3.19868232664811933774
4.0000000000000000    -1.8874867483182916    3.19688225526672914608
3.9874999999999998    -1.8803644426619257    3.19883231479683836310
3.9750000000000001    -1.8732408557083295    3.19818322721588841392
3.9624999999999999    -1.8661159832454088    3.19704903699113304402
3.9500000000000002    -1.8589898210184683    3.19840962179540493830
3.9375000000000000    -1.8518623647298400    3.19825288645510031910
3.9249999999999998    -1.8447336100385081    3.19835818737606608739
3.9125000000000001    -1.8376035525597263    3.19951842587611051151
3.8999999999999999    -1.8304721878646288    3.19868484169108666429

4.5000000000000000    -2.0621877175632179    2.85947336176735563947
4.4874999999999998    -2.0585424411902138    2.86004529785487520994
4.4749999999999996    -2.0548968023902545    2.85876602160457649244
4.4625000000000004    -2.0512507967120372    2.85874223484778011185
4.4500000000000002    -2.0476044196288963    2.85848870113704720463
4.4375000000000000    -2.0439576665371577    2.85970153832229557274
4.4249999999999998    -2.0403105327544400    2.85872928178093061347
4.4189501372590589    -2.0385452208486301    3.71320706208733904521
4.4124999999999996    -2.0349570444789906    3.18353661373439393708
4.4000000000000004    -2.0280027060165251    3.18297444070407816201
4.3875000000000002    -2.0210475018021423    3.18446460647335263675
4.3750000000000000    -2.0140914285629918    3.18418550544943520868
4.3624999999999998    -2.0071344830002622    3.18276470023809045749
4.3499999999999996    -2.0001766617889301    3.18429196567963622693
4.3375000000000004    -1.9932179615775163    3.18401144159443406142
4.3250000000000002    -1.9862583789878305    3.18396569020465347068
4.3125000000000000    -1.9792979106147168    3.18437378582135894277
4.2999999999999998    -1.9723365530257961    3.18495762065327809123
4.2874999999999996    -1.9653743027612025    3.18409372561301105549
4.2750000000000004    -1.9584111563333197    3.18489735900067939107
4.2625000000000002    -1.9514471102265107    3.18420762778596311022
4.2500000000000000    -1.9444821608968454    3.18389181127244342510
4.2374999999999998    -1.9375163047718262    3.18435253596118935174
4.2249999999999996    -1.9305495382501070    3.18523714030345125934
4.2125000000000004    -1.9235818577012109    3.18545992620575734388
4.2000000000000002    -1.9166132594652421    3.18518270917628262568
4.1875000000000000    -1.9096437398525969    3.18548639536701058803
4.1749999999999998    -1.9026732951436680    3.18468522617319670619
4.1624999999999996    -1.8957019215885458    3.18539171735435686951
4.1500000000000004    -1.8887296154067172    3.18528608350768378549
4.1375000000000002    -1.8817563727867586    3.18550638416868823403
4.1250000000000000    -1.8747821898860246    3.18568434568093546014
4.1124999999999998    -1.8678070628303347    3.18650147489332217186
4.1033108417405550    -1.8626788147542030    3.69026307800583062502
4.0999999999999996    -1.8618049092950890    2.80999010202481758008
4.0875000000000004    -1.8585052581125043    2.80969339363054990220
4.0750000000000002    -1.8552052183649983    2.81084671018516817054
4.0625000000000000    -1.8519047848052090    2.80908897771360062498
4.0499999999999998    -1.8486039520882762    2.80951325629806760451
4.0374999999999996    -1.8453027147694983    2.81015113406894559097
4.0250000000000004    -1.8420010673019249    2.81036854369705506318
4.0125000000000002    -1.8386990040338751    2.81092827892934450521
4.0000000000000000    -1.8353965192063799    2.81104251965785513902
3.9874999999999998    -1.8320936069505485    2.81053946158730160549
3.9750000000000001    -1.8287902612848541    2.81122052679513954269
3.9624999999999999    -1.8254864761123353    2.81078649432632434770
3.9500000000000002    -1.8221822452177134    2.81166359399099504541
3.9375000000000000    -1.8188775622644175    2.81168706687585532645
3.9249999999999998    -1.8155724207915178    2.80973509139890877378
3.9125000000000001    -1.8122668142105627    2.81137021553218503680
3.8999999999999999    -1.8089607358023150    2.81085739863480739333

4.5000000000000000    -1.9899414028438001    3.17221202730220593904
4.4874999999999998    -1.9831480621484991    3.17118300390502071183
4.4749999999999996    -1.9763540694906485    3.17315721276975643960
4.4625000000000004    -1.9695594219679480    3.17250191730135916684
4.4500000000000002    -1.9627641166565142    3.17261713297207115117
4.4375000000000000    -1.9559681506106665    3.17287098825895856635
4.4249999999999998    -1.9491715208627127    3.17227138235262101618
4.4189501372590589    -1.9458817874701291    3.68134061624465212066
4.4124999999999996    -1.9441834996217284    2.80948583894626929629
4.4000000000000004    -1.9408921014688982    2.80866952714260907967
4.3875000000000002    -1.9376004199107590    2.80896756934626232551
4.3750000000000000    -1.9343084515396558    2.80896939036657141537
4.3624999999999998    -1.9310161928919181    2.81013665235259199843
4.3499999999999996    -1.9277236404466778    2.80946344895522228335
4.3375000000000004    -1.9244307906246576    2.80839666078492795225
4.3250000000000002    -1.9211376397869275    2.80942979155171443698
4.3125000000000000    -1.9178441842336280    2.80973909436946121809
4.2999999999999998    -1.9145504202026595    2.80982441406096918220
4.2874999999999996    -1.9112563438683381    2.80980260826947051398
4.2750000000000004    -1.9079619513400146    2.81023056913344704581
4.2625000000000002    -1.9046672386606576    2.80964676990188328364
4.2500000000000000    -1.9013722018053960    2.80906500071809073541
4.2374999999999998    -1.8980768366800249    2.80922573353487442234
4.2249999999999996    -1.8947811391194691    2.80961798927678899985
4.2125000000000004    -1.8914851048862054    2.80883807121404569483
4.2000000000000002    -1.8881887296686395    2.80949310390089372104
4.1875000000000000    -1.8848920090794425    2.80935757893235844374
4.1749999999999998    -1.8815949386538349    2.80985099997475950943
4.1624999999999996    -1.8782975138478286    2.80923633711360761509
4.1500000000000004    -1.8749997300364152    2.81016370395568697922
4.1375000000000002    -1.8717015825117045    2.80991136413150079283
4.1250000000000000    -1.8684030664810114    2.80974094184711326830
4.1124999999999998    -1.8651041770648866    2.81083294159059313101
4.1033108417405550    -1.8626788146239630    3.68969005600623264343
4.0999999999999996    -1.8608309877136540    3.18617447986361028824
4.0875000000000004    -1.8538539605977693    3.18582122369063612229
4.0750000000000002    -1.8468759775119623    3.18604472879324263968
4.0625000000000000    -1.8398970344526782    3.18730979851749576782
4.0499999999999998    -1.8329171273831890    3.18633520769207840792
4.0374999999999996    -1.8259362522332518    3.18555630691725860811
4.0250000000000004    -1.8189544048987643    3.18651680278185122264
4.0125000000000002    -1.8119715812414143    3.18609609975471802382
4.0000000000000000    -1.8049877770883245    3.18650008079503579235
3.9874999999999998    -1.7980029882316930    3.18695716617172572363
3.9750000000000001    -1.7910172104284285    3.18633160785981031865
3.9624999999999999    -1.7840304393997801    3.18694547624304364377
3.9500000000000002    -1.7770426708309635    3.18705485757455180711
3.9375000000000000    -1.7700539003707791    3.18675213648525203973
3.9249999999999998    -1.7630641236312297    3.18774754461424850442
3.9125000000000001    -1.7560733361871272    3.18701829214241638211
3.8999999999999999    -1.7490815335756977    3.18663268934655150954

4.5000000000000000    -1.9672156263415501    2.80837871548337001640
4.4874999999999998    -1.9639261210821408    2.80882765701131615374
4.4749999999999996    -1.9606363547957644    2.80879944367346967571
4.4625000000000004    -1.9573463244361913    2.80833886054958889629
4.4500000000000002    -1.9540560269086589    2.80861881890710074245
4.4375000000000000    -1.9507654590688830    2.80891038995354640640
4.4249999999999998    -1.9474746177220401    2.80909521974653739098
4.4189501372590589    -1.9458817874530652    3.68173633270440662612
4.4124999999999996    -1.9423742244227322    3.17299550848349668289
4.4000000000000004    -1.9355762582783540    3.17202749413202349758
4.3875000000000002    -1.9287776193945358    3.17293649122896068062
4.3750000000000000    -1.9219783047133361    3.17324184534868110438
4.3624999999999998    -1.9151783111536864    3.17251838134294304652
4.3499999999999996    -1.9083776356111599    3.17307188593442266442
4.3375000000000004    -1.9015762749577363    3.17304967204825077130
4.3250000000000002    -1.8947742260415650    3.17216965354517131301
4.3125000000000000    -1.8879714856867238    3.17396665847996691271
4.2999999999999998    -1.8811680506929764    3.17316177208133183216
4.2874999999999996    -1.8743639178355247    3.17392586821169749608
4.2750000000000004    -1.8675590838647596    3.17361306374058907464
4.2625000000000002    -1.8607535455060080    3.17396700925140857574
4.2500000000000000    -1.8539472994592756    3.17399706242785820988
4.2374999999999998    -1.8471403423989896    3.17345424598331291325
4.2249999999999996    -1.8403326709737322    3.17284585341321611176
4.2125000000000004    -1.8335242818059789    3.17387815189666888682
4.2000000000000002    -1.8267151714918237    3.17385707533806350257
4.1875000000000000    -1.8199053366007101    3.17367755792743276035
4.1749999999999998    -1.8130947736751515    3.17329423017126961682
4.1624999999999996    -1.8062834792304521    3.17314236841425108032
4.1500000000000004    -1.7994714497544220    3.17421477167590963884
4.1375000000000002    -1.7926586817070902    3.17343500768602645198
4.1250000000000000    -1.7858451715204118    3.17363726601310868077
4.1124999999999998    -1.7790309155979731    3.17422064729986956838
4.1033108417405550    -1.7740210557916725    3.65343843503705401413
4.0999999999999996    -1.7732443191856859    2.75105780678167476192
4.0875000000000004    -1.7703115943224788    2.75044641853210842380
4.0750000000000002    -1.7673785896247978    2.75171877063855951462
4.0625000000000000    -1.7644453014860588    2.75032728067335311925
4.0499999999999998    -1.7615117262362596    2.75166824010404757858
4.0374999999999996    -1.7585778601405544    2.75155147410455772810
4.0250000000000004    -1.7556436993977840    2.75150657129170650331
4.0125000000000002    -1.7527092401389697    2.75096149991286326956
4.0000000000000000    -1.7497744784257636    2.75157697410091186077
3.9874999999999998    -1.7468394102488538    2.75196915157303664086
3.9750000000000001    -1.7439040315263257    2.75260767444870244644
3.9624999999999999    -1.7409683381019769    2.75175031873556837124
3.9500000000000002    -1.7380323257435852    2.75092789451323911382
3.9375000000000000    -1.7350959901411229    2.75148899108445537873
3.9249999999999998    -1.7321593269049236    2.75217491228371175980
3.9125000000000001    -1.7292223315637929    2.75229374484233458935
3.8999999999999999    -1.7262849995630662    2.75210830405575496886

4.5000000000000000    -1.8908897121680897    3.15875829002456259787
4.4874999999999998    -1.8842750539996374    3.15842583654419358907
4.4749999999999996    -1.8776598768313562    3.15825851927581099975
4.4625000000000004    -1.8710441780760900    3.15840970388260236924
4.4500000000000002    -1.8644279551271621    3.15879791058807558803
4.4375000000000000    -1.8578112053581777    3.15846288978535147569
4.4249999999999998    -1.8511939261228272    3.15808699836494635271
4.4189501372590589    -1.8479910447029324    3.64489008292586962523
4.4124999999999996    -1.8464808943964188    2.74980647957717446242
4.4000000000000004    -1.8435541535511362    2.74947054852196829115
4.3875000000000002    -1.8406272059220183    2.75004690124204237357
4.3750000000000000    -1.8377000491176869    2.75018681399512354181
4.3624999999999998    -1.8347726807091951    2.75086849564926561561
4.3499999999999996    -1.8318450982292738    2.74914181829143901606
4.3375000000000004    -1.8289172991715623    2.74974481606360419885
4.3250000000000002    -1.8259892809898188    2.75082223151273884019
4.3125000000000000    -1.8230610410971104    2.74992773252257090744
4.2999999999999998    -1.8201325768649843    2.74944068494779547576
4.2874999999999996    -1.8172038856226178    2.74981689624448760343
4.2750000000000004    -1.8142749646559477    2.75100892891145293144
4.2625000000000002    -1.8113458112067753    2.74944325334233199715
4.2500000000000000    -1.8084164224718533    2.74988580472296578966
4.2374999999999998    -1.8054867956019436    2.75060537813647370663
4.2249999999999996    -1.8025569277008568    2.75031654662821226282
4.2125000000000004    -1.7996268158244635    2.74934242896204154090
4.2000000000000002    -1.7966964569796804    2.75006325392327241543
4.1875000000000000    -1.7937658481234309    2.75138911660888873601
4.1749999999999998    -1.7908349861615789    2.75056766682408152446
4.1624999999999996    -1.7879038679478347    2.75025465683019297515
4.1500000000000004    -1.7849724902826298    2.75079465641924900783
4.1375000000000002    -1.7820408499119653    2.75125679592833064630
4.1250000000000000    -1.7791089435262284    2.75166630811915183187
4.1124999999999998    -1.7761767677589757    2.75156986903301956906
4.1033108417405550    -1.7740210557908431    3.65253621040769139083
4.0999999999999996    -1.7722159103146919    3.17342867605699258961
4.0875000000000004    -1.7654001520165150    3.17416598666468907858
4.0750000000000002    -1.7585836370201093    3.17398634663597571854
4.0625000000000000    -1.7517663616125509    3.17508463950530080491
4.0499999999999998    -1.7449483220510096    3.17442910474524405675
4.0374999999999996    -1.7381295145624278    3.17355531836875035131
4.0250000000000004    -1.7313099353431982    3.17485055928617260212
4.0125000000000002    -1.7244895805588334    3.17505299260106143189
4.0000000000000000    -1.7176684463436329    3.17516651101397777142
3.9874999999999998    -1.7108465288003460    3.17392598830742658843
3.9750000000000001    -1.7040238239998302    3.17367732332063647201
3.9624999999999999    -1.6972003279807024    3.17386543009266773813
3.9500000000000002    -1.6903760367489886    3.17534142081424901674
3.9375000000000000    -1.6835509462777676    3.17477574344808068725
3.9249999999999998    -1.6767250525068089    3.17534092533822434991
3.9125000000000001    -1.6698983513422063    3.17449642528352266447
3.8999999999999999    -1.6630708386560067    3.17611281260661492548

4.5000000000000000    -1.8669624836836247    2.75006106724598199773
4.4874999999999998    -1.8640371263724906    2.74907908574454823230
4.4749999999999996    -1.8611115780247802    2.74933459317235897798
4.4625000000000004    -1.8581858364924804    2.74885490634831244948
4.4500000000000002    -1.8552598995948006    2.74965182685325575823
4.4375000000000000    -1.8523337651175347    2.74902107678221076258
4.4249999999999998    -1.8494074308124100    2.74933788508899937882
4.4189501372590589    -1.8479910447028365    3.64532303739808421833
4.4124999999999996    -1.8445761147546849    3.15881220398841160873
4.4000000000000004    -1.8379577685670063    3.15970368960589669200
4.3875000000000002    -1.8313388848525207    3.15914603667444172366
4.3750000000000000    -1.8247194608832253    3.15923213385881187544
4.3624999999999998    -1.8180994939101724    3.15787121420497084731
4.3499999999999996    -1.8114789811632566    3.15859684169189863876
4.3375000000000004    -1.8048579198509973    3.15904108866587403533
4.3250000000000002    -1.7982363071603211    3.15895979739325196843
4.3125000000000000    -1.7916141402563388    3.15877011057070829735
4.2999999999999998    -1.7849914162821210    3.15828791978229060406
4.2874999999999996    -1.7783681323584692    3.15977715582926923046
4.2750000000000004    -1.7717442855836876    3.15816821089232583199
4.2625000000000002    -1.7651198730333471    3.15861255443950005527
4.2500000000000000    -1.7584948917600491    3.15990143419601676733
4.2374999999999998    -1.7518693387931870    3.15884354153723428916
4.2249999999999996    -1.7452432111387020    3.15934441052786441051
4.2125000000000004    -1.7386165057788379    3.15892900733308588891
4.2000000000000002    -1.7319892196718911    3.16057408621206644924
4.1875000000000000    -1.7253613497519587    3.15964065980148045478
4.1749999999999998    -1.7187328929286820    3.15857762366849823639
4.1624999999999996    -1.7121038460869877    3.15997479310648855832
4.1500000000000004    -1.7054742060868255    3.15937991370784278743
4.1375000000000002    -1.6988439697629014    3.15981866137795207208
4.1250000000000000    -1.6922131339244075    3.15983210054772397030
4.1124999999999998    -1.6855816953547500    3.16014279153475087817
4.1033108417405550    -1.6807063219822351    3.61150701763911606383
4.0999999999999996    -1.6800289656122516    2.68111924060921995132
4.0875000000000004    -1.6774714964326367    2.68086682652239125055
4.0750000000000002    -1.6749138242695838    2.68113488566684699498
4.0625000000000000    -1.6723559465969431    2.68195114702540960078
4.0499999999999998    -1.6697978608459036    2.68204163464558263544
4.0374999999999996    -1.6672395644040747    2.68077313608596379843
4.0250000000000004    -1.6646810546145461    2.68172862140357777245
4.0125000000000002    -1.6621223287749203    2.68217378844199411505
4.0000000000000000    -1.6595633841363227    2.68090117214232602342
3.9874999999999998    -1.6570042179023812    2.68138948602582288870
3.9750000000000001    -1.6544448272281835    2.68237359800471870572
3.9624999999999999    -1.6518852092192002    2.68182047186870649454
3.9500000000000002    -1.6493253609301859    2.68172592095548187395
3.9375000000000000    -1.6467652793640428    2.68225621391187796618
3.9249999999999998    -1.6442049614706600    2.68246852829896346841
3.9125000000000001    -1.6416444041457152    2.68182203238091538514
3.8999999999999999    -1.6390836042294490    2.68152689148995088553

4.5000000000000000    -1.7868310122087527    3.14160752317995846188
4.4874999999999998    -1.7804152474705182    3.14339902807726037279
4.4749999999999996    -1.7739990612502838    3.14231692183871456252
4.4625000000000004    -1.7675824512823417    3.14263560910060579887
4.4500000000000002    -1.7611654152833998    3.14039363483911122409
4.4375000000000000    -1.7547479509524064    3.14242084027901394665
4.4249999999999998    -1.7483300559703649    3.14232850456105549221
4.4189501372590589    -1.7452237099237609    3.60206856710877090962
4.4124999999999996    -1.7439063373013441    2.67990367502740081088
4.4000000000000004    -1.7413532301940520    2.67963843501132992393
4.3875000000000002    -1.7387999716567080    2.67962557166618471128
4.3750000000000000    -1.7362465599894208    2.67976165825487751379
4.3624999999999998    -1.7336929934664815    2.67944686458558803096
4.3499999999999996    -1.7311392703358690    2.67927458471034003838
4.3375000000000004    -1.7285853888187392    2.68088974142793822386
4.3250000000000002    -1.7260313471089048    2.68018474986093160439
4.3125000000000000    -1.7234771433723011    2.68083793086379287970
4.2999999999999998    -1.7209227757464394    2.68001980724812964509
4.2874999999999996    -1.7183682423398492    2.68044550409281106293
4.2750000000000004    -1.7158135412315039    2.68054236776666918065
4.2625000000000002    -1.7132586704702359    2.68021079473866409245
4.2500000000000000    -1.7107036280741348    2.68014817414527190312
4.2374999999999998    -1.7081484120299328    2.68078299827707741253
4.2249999999999996    -1.7055930202923733    2.67991654551780846168
4.2125000000000004    -1.7030374507835668    2.68072861569158022430
4.2000000000000002    -1.7004817013923283    2.68095780005532178516
4.1875000000000000    -1.6979257699734998    2.68134598004565853830
4.1749999999999998    -1.6953696543472541    2.68072601901867128425
4.1624999999999996    -1.6928133522983841    2.68022608585092942486
4.1500000000000004    -1.6902568615755731    2.67992647212599616581
4.1375000000000002    -1.6877001798906446    2.68182337722550501614
4.1250000000000000    -1.6851433049177953    2.68084188017149681782
4.1124999999999998    -1.6825862342928100    2.68089941036973435670
4.1033108417405550    -1.6807063219822314    3.61156046467291898120
4.0999999999999996    -1.6789496508112718    3.15945848258990205507
4.0875000000000004    -1.6723169970249703    3.15899130102807232249
4.0750000000000002    -1.6656837307002157    3.15897081659598687707
4.0625000000000000    -1.6590498485144607    3.15965093165132141374
4.0499999999999998    -1.6524153471179486    3.16031592135989741733
4.0374999999999996    -1.6457802231334175    3.15927238195399830438
4.0250000000000004    -1.6391444731558003    3.15826940798369528210
4.0125000000000002    -1.6325080937519199    3.15915203560802100927
4.0000000000000000    -1.6258710814601807    3.15977263518205966322
3.9874999999999998    -1.6192334327902573    3.16011652205339885484
3.9750000000000001    -1.6125951442227762    3.15954582967287450797
3.9624999999999999    -1.6059562122089941    3.16004364612143864269
3.9500000000000002    -1.5993166331704733    3.15940375291043154234
3.9375000000000000    -1.5926764034987517    3.16116718614291862836
3.9249999999999998    -1.5860355195550064    3.16037627782084543549
3.9125000000000001    -1.5793939776697159    3.15937332398842582026
3.8999999999999999    -1.5727517741423140    3.15909856231710616296

4.5000000000000000    -1.7617739846001310    2.67984322201443442226
4.4874999999999998    -1.7592218919753932    2.67830370710549409575
4.4749999999999996    -1.7566696591364812    2.67933172298012524794
4.4625000000000004    -1.7541172845512021    2.67936278531325864304
4.4500000000000002    -1.7515647666647274    2.67914962312770300445
4.4375000000000000    -1.7490121038991695    2.67929339061950813811
4.4249999999999998    -1.7464592946531474    2.67943089169678151434
4.4189501372590589    -1.7452237099237606    3.60120463803583316627
4.4124999999999996    -1.7419117280001530    3.14181482729200393890
4.4000000000000004    -1.7354929646863337    3.14264636409119953262
4.3875000000000002    -1.7290737636549687    3.14250656483698126756
4.3750000000000000    -1.7226541225134273    3.14190896084337922215
4.3624999999999998    -1.7162340388501915    3.14254606221403224513
4.3499999999999996    -1.7098135102346623    3.14307281432924678476
4.3375000000000004    -1.7033925342169589    3.14249626242004279357
4.3250000000000002    -1.6969711083277201    3.14171872451374350880
4.3125000000000000    -1.6905492300778988    3.14317159985040430370
4.2999999999999998    -1.6841268969585561    3.14301348060604150074
4.2874999999999996    -1.6777041064406537    3.14375868914979120249
4.2750000000000004    -1.6712808559748404    3.14259111760557198608
4.2625000000000002    -1.6648571429912393    3.14249679068714804866
4.2500000000000000    -1.6584329648992298    3.14166358885109301574
4.2374999999999998    -1.6520083190872266    3.14230049062262499623
4.2249999999999996    -1.6455832029224584    3.14238356527082847978
4.2125000000000004    -1.6391576137507413    3.14092604400743226150
4.2000000000000002    -1.6327315488962504    3.14170181162902828259
4.1875000000000000    -1.6263050056612858    3.14323206695662706370
4.1749999999999998    -1.6198779813260398    3.14246920092335293236
4.1624999999999996    -1.6134504731483583    3.14247041843131443115
4.1500000000000004    -1.6070224783634981    3.14230409526219044277
4.1375000000000002    -1.6005939941838845    3.14148632082527844503
4.1250000000000000    -1.5941650177988604    3.14344850803029888186
4.1124999999999998    -1.5877355463744383    3.14224116975385604333
4.1033108417405550    -1.5830087145538607    3.55985346096473168065
4.0999999999999996    -1.5824331217084242    2.59907621551295950845
4.0875000000000004    -1.5802598936696484    2.59827512718589850350
4.0750000000000002    -1.5780865193490041    2.59757429475451321449
4.0625000000000000    -1.5759129969752155    2.59791868448067931252
4.0499999999999998    -1.5737393247480074    2.59768551951286310805
4.0374999999999996    -1.5715655008375018    2.59826767281242149090
4.0250000000000004    -1.5693915233836031    2.59847247557346035306
4.0125000000000002    -1.5672173904953632    2.59843175614937495297
4.0000000000000000    -1.5650431002503327    2.59868447924431166516
3.9874999999999998    -1.5628686506938956    2.59817338095637409621
3.9750000000000001    -1.5606940398385871    2.59928400834978302176
3.9624999999999999    -1.5585192656633902    2.59838701577969616524
3.9500000000000002    -1.5563443261130210    2.59911307777373884616
3.9375000000000000    -1.5541692190971874    2.59841608032807208834
3.9249999999999998    -1.5519939424898355    2.59871437860237597113
3.9125000000000001    -1.5498184941283688    2.59977383858569229317
3.8999999999999999    -1.5476428718128554    2.59846671598239008791

4.5000000000000000    -1.6780408282980346    3.12325607267032298977
4.4874999999999998    -1.6718418767922449    3.12351353274855680735
4.4749999999999996    -1.6656425781588300    3.12309487389327485843
4.4625000000000004    -1.6594429304275549    3.12375566036444013733
4.4500000000000002    -1.6532429316124528    3.12333540337283436963
4.4375000000000000    -1.6470425797116621    3.12336241102562353687
4.4249999999999998    -1.6408418727072600    3.12359685520985539070
4.4189501372590589    -1.6378406704773503    3.55020719552812969518
4.4124999999999996    -1.6367209318006091    2.59600594971730782852
4.4000000000000004    -1.6345508592131406    2.59621530289342896574
4.3875000000000002    -1.6323806766963629    2.59605054288389788895
4.3750000000000000    -1.6302103830450769    2.59588137046280012120
4.3624999999999998    -1.6280399770362590    2.59616769474701786593
4.3499999999999996    -1.6258694574287258    2.59651514314733423321
4.3375000000000004    -1.6236988229627953    2.59654202047740072581
4.3250000000000002    -1.6215280723599370    2.59680440129570705540
4.3125000000000000    -1.6193572043224134    2.59682123131152753815
4.2999999999999998    -1.6171862175329184    2.59642387355740947058
4.2874999999999996    -1.6150151106542012    2.59639463544019255038
4.2750000000000004    -1.6128438823286837    2.59700196815979990447
4.2625000000000002    -1.6106725311780719    2.59711303448423631315
4.2500000000000000    -1.6085010558029531    2.59636496907931551225
4.2374999999999998    -1.6063294547823881    2.59748304850242166556
4.2249999999999996    -1.6041577266734901    2.59666806202789717320
4.2125000000000004    -1.6019858700109979    2.59666546417209802245
4.2000000000000002    -1.5998138833068329    2.59735637044902367221
4.1875000000000000    -1.5976417650496542    2.59688436418574571693
4.1749999999999998    -1.5954695137043915    2.59823417321685926182
4.1624999999999996    -1.5932971277117800    2.59716470247897927609
4.1500000000000004    -1.5911246054878714    2.59717678939954304900
4.1375000000000002    -1.5889519454235428    2.59779284911345804141
4.1250000000000000    -1.5867791458839873    2.59784684289258323373
4.1124999999999998    -1.5846062052081960    2.59783774926748350551
4.1033108417405550    -1.5830087145538607    3.55996747508561166892
4.0999999999999996    -1.5813055770530431    3.14283608800876382186
4.0875000000000004    -1.5748751069532554    3.14210315366877084714
4.0750000000000002    -1.5684441331695498    3.14311769341756802707
4.0625000000000000    -1.5620126527720286    3.14227608544541480145
4.0499999999999998    -1.5555806628061544    3.14296466587601315275
4.0374999999999996    -1.5491481602924764    3.14273848672721569080
4.0250000000000004    -1.5427151422263554    3.14176528668394607546
4.0125000000000002    -1.5362816055776833    3.14197827582244490008
4.0000000000000000    -1.5298475472905977    3.14216531998725079854
3.9874999999999998    -1.5234129642831968    3.14178637665956526697
3.9750000000000001    -1.5169778534472451    3.14271303006508664359
3.9624999999999999    -1.5105422116478795    3.14224975627401365485
3.9500000000000002    -1.5041060357233076    3.14298189694366875559
3.9375000000000000    -1.4976693224845039    3.14281127525897096111
3.9249999999999998    -1.4912320687149025    3.14377616595649649143
3.9125000000000001    -1.4847942711700823    3.14316686891457008879
3.8999999999999999    -1.4783559265774520    3.14254249218580516793

4.5000000000000000    -1.6519084595331162    2.59477286551609572516
4.4874999999999998    -1.6497391241358239    2.59606754708711737418
4.4749999999999996    -1.6475696867730276    2.59578634313246922041
4.4625000000000004    -1.6454001463555619    2.59571261424999199944
4.4500000000000002    -1.6432305017785742    2.59530773599429016147
4.4375000000000000    -1.6410607519212397    2.59650761628292092720
4.4249999999999998    -1.6388908956464687    2.59577460922277525194
4.4189501372590589    -1.6378406704773503    3.54961650965233335643
4.4124999999999996    -1.6346408085650963    3.12358785164986582921
4.4000000000000004    -1.6284393852346226    3.12451442095167918446
4.3875000000000002    -1.6222376006487220    3.12374861415794111445
4.3750000000000000    -1.6160354527235330    3.12422772645694448259
4.3624999999999998    -1.6098329393582755    3.12335619953514561742
4.3499999999999996    -1.6036300584350709    3.12402085187508534651
4.3375000000000004    -1.5974268078187612    3.12369973967961463363
4.3250000000000002    -1.5912231853567260    3.12282325677406563257
4.3125000000000000    -1.5850191888786975    3.12215811415766028884
4.2999999999999998    -1.5788148161965712    3.12296549413040793364
4.2874999999999996    -1.5726100651042159    3.12484381745230315971
4.2750000000000004    -1.5664049333772812    3.12325502922304120606
4.2625000000000002    -1.5601994187730011    3.12267715840510489420
4.2500000000000000    -1.5539935190299954    3.12359456511494046230
4.2374999999999998    -1.5477872318680699    3.12309323205996272545
4.2249999999999996    -1.5415805549880122    3.12242455092276698070
4.2125000000000004    -1.5353734860713859    3.12369881512551271930
4.2000000000000002    -1.5291660227803203    3.12315896500193997424
4.1875000000000000    -1.5229581627573006    3.12365739661096760696
4.1749999999999998    -1.5167499036249514    3.12369634669043092596
4.1624999999999996    -1.5105412429858196    3.12329374233290170296
4.1500000000000004    -1.5043321784221546    3.12563382584830883049
4.1375000000000002    -1.4981227074956840    3.12411929869513964320
4.1250000000000000    -1.4919128277473865    3.12358657660034967629
4.1124999999999998    -1.4857025366972638    3.12375211862420209402
4.1033108417405550    -1.4811368851413966    3.49958701857287691984
4.0999999999999996    -1.4806655315662220    2.49545497242228671883
4.0875000000000004    -1.4788858833116549    2.49485155822729254434
4.0750000000000002    -1.4771061319278647    2.49522154098670389177
4.0625000000000000    -1.4753262761934880    2.49454708560491462748
4.0499999999999998    -1.4735463148676535    2.49555349417798963971
4.0374999999999996    -1.4717662466895884    2.49506138599322115882
4.0250000000000004    -1.4699860703782142    2.49541529325451740613
4.0125000000000002    -1.4682057846317318    2.49538432926326824769
4.0000000000000000    -1.4664253881272002    2.49562704270130695768
3.9874999999999998    -1.4646448795201001    2.49645228745167251983
3.9750000000000001    -1.4628642574438893    2.49664011351467997313
3.9624999999999999    -1.4610835205095452    2.49622458784469267341
3.9500000000000002    -1.4593026673050991    2.49436567618279717864
3.9375000000000000    -1.4575216963951541    2.49605642563955182822
3.9249999999999998    -1.4557406063203941    2.49550433447813042919
3.9125000000000001    -1.4539593955970802    2.49594209004852925606
3.8999999999999999    -1.4521780627165308    2.49592276904112921531

4.5000000000000000    -1.5647311964888946    3.10226321138687246171
4.4874999999999998    -1.5587653559661407    3.10197999700004392121
4.4749999999999996    -1.5527992266669310    3.10247774605755995202
4.4625000000000004    -1.5468328068831849    3.10249051093495993754
4.4500000000000002    -1.5408660948928263    3.10266631278577938668
4.4375000000000000    -1.5348990889596350    3.10194386550245544340
4.4249999999999998    -1.5289317873330970    3.10222812973173470673
4.4189501372590589    -1.5260435721583350    3.48830019547096939741
4.4124999999999996    -1.5251264357021825    2.49375430683237736020
4.4000000000000004    -1.5233490187305196    2.49293456658944008204
4.3875000000000002    -1.5215715238068328    2.49370532833437700757
4.3750000000000000    -1.5197939500928634    2.49377818888352849151
4.3624999999999998    -1.5180162967382176    2.49323358182391352717
4.3499999999999996    -1.5162385628801429    2.49443914377611502251
4.3375000000000004    -1.5144607476433023    2.49355337404150940680
4.3250000000000002    -1.5126828501395422    2.49399223829225526162
4.3125000000000000    -1.5109048694676566    2.49421753876050439520
4.2999999999999998    -1.5091268047131425    2.49443586575534056635
4.2874999999999996    -1.5073486549479542    2.49312161406713451474
4.2750000000000004    -1.5055704192302499    2.49381432635322777022
4.2625000000000002    -1.5037920966041312    2.49435236026473946430
4.2500000000000000    -1.5020136860993802    2.49375407522496065986
4.2374999999999998    -1.5002351867311858    2.49339437868121379348
4.2249999999999996    -1.4984565974998694    2.49463912540693403251
4.2125000000000004    -1.4966779173905993    2.49362869209325836673
4.2000000000000002    -1.4948991453731018    2.49431594685893762717
4.1875000000000000    -1.4931202804013624    2.49487977222322177061
4.1749999999999998    -1.4913413214133238    2.49440582647149704200
4.1624999999999996    -1.4895622673305753    2.49577456010003344289
4.1500000000000004    -1.4877831170580320    2.49420775603436284179
4.1375000000000002    -1.4860038694836113    2.49509578726248351286
4.1250000000000000    -1.4842245234778986    2.49455430604135666977
4.1124999999999998    -1.4824450778938061    2.49467659661974791954
4.1033108417405550    -1.4811368851413966    3.49926343210875839557
4.0999999999999996    -1.4794918318441066    3.12403989797273405095
4.0875000000000004    -1.4732807106652583    3.12423027472916641791
4.0750000000000002    -1.4670691706163774    3.12368276253072240951
4.0625000000000000    -1.4608572091311931    3.12397200317258333792
4.0499999999999998    -1.4546448236212601    3.12386708034613092412
4.0374999999999996    -1.4484320114757094    3.12327032109291374763
4.0250000000000004    -1.4422187700609956    3.12360591176334872533
4.0125000000000002    -1.4360050967206406    3.12369664065263442768
4.0000000000000000    -1.4297909887749722    3.12365147158625481205
3.9874999999999998    -1.4235764435208640    3.12408032307242094854
3.9750000000000001    -1.4173614582314640    3.12268044312868654376
3.9624999999999999    -1.4111460301559269    3.12377844322823430031
3.9500000000000002    -1.4049301565191374    3.12365018057034331484
3.9375000000000000    -1.3987138345214323    3.12332512552458217985
3.9249999999999998    -1.3924970613383172    3.12421250360179056805
3.9125000000000001    -1.3862798341201810    3.12308929244746424241
3.8999999999999999    -1.3800621499920036    3.12323830967266285650