4.5000000000000000    -2.4194358147382942    3.45393376665430082255
4.4874999998137355    -2.4133833142243035    3.44980754557229904195
4.4749999996274710    -2.4073087915738416    3.44739367842532570775
4.4624999994412065    -2.4012106582092470    3.44586279924595083736
4.4499999992549419    -2.3950874861618847    3.44524589149790968871
4.4374999990686774    -2.3889380241767206    3.44627401675649569610
4.4249999988824129    -2.3827612149356447    3.44621841975665041402
4.4124999986961484    -2.3765562125346587    3.44834834468192950050
4.3999999985098839    -2.3703223993543840    3.45037318004318961282
4.3874999983236194    -2.3640594015659881    3.45296824893930378968
4.3749999981373549    -2.3577671027219251    3.45501551749304508998
4.3624999979510903    -2.3514456551879781    3.45834289204090381616
4.3499999977648258    -2.3450954895625515    3.46260977835916679214
4.3374999975785613    -2.3387173226746363    3.46741327227286229296
4.3249999973922968    -2.3323121652225511    3.47312703762360997016
4.3124999972060323    -2.3258813305819190    3.47865077505695076019
4.2999999970197678    -2.3194264467504064    3.48738837635410357926
4.2874999968335032    -2.3129494737920622    3.49632739088045544815
4.2749999966472387    -2.3064527294803630    3.50626195870888879638
4.2624999964609742    -2.2999389260877043    3.51721918305801687244
4.2499999962747097    -2.2934112213581623    3.53168177171629083400
4.2374999960884452    -2.2868732864682393    3.54667650708824948292
4.2249999959021807    -2.2803293928970008    3.56348058904640481188
4.2124999957159162    -2.2737845179833824    3.58376866747507783102
4.1999999955296516    -2.2672444645221890    3.60494087800103460949
4.1874999953433871    -2.2607159815225830    3.62840776142595079420
4.1749999951571226    -2.2542068594104729    3.65349684434705978273
4.1624999949708581    -2.2477259523992585    3.67823137018506364092
4.1499999947845936    -2.2412830557420058    3.70110909875444376335
4.1374999945983291    -2.2348885464824981    3.72227391858100172526
4.1249999944120646    -2.2285527061719859    3.73582936090020489503
4.1124999942258000    -2.2222847141118627    3.74129429793426963131
4.0999999940395355    -2.2160914432088674    3.73820570160890842362
4.0874999938532710    -2.2099763585607799    3.72442496005952423271
4.0749999936670065    -2.2039388905811701    3.70189867836094145754
4.0624999934807420    -2.1979745250014902    3.67052059191948424981
4.0499999932944775    -2.1920755648213111    3.63568376752757091821
4.0374999931082129    -2.1862322636600933    3.59697382411912068025
4.0249999929219484    -2.1804339641729533    3.55968842739430189393
4.0124999927356839    -2.1746699885942964    3.52433475575592966805
3.9999999925494194    -2.1689301974669681    3.49229666859953530029
3.9874999923631549    -2.1632052547780676    3.46453395971879868939
3.9749999921768904    -2.1574866871117169    3.43936156827606176315
3.9624999919906259    -2.1517668235362133    3.41776313648158451683
3.9499999918043613    -2.1460386816105474    3.39954403536920068117
3.9374999916180968    -2.1402958418517017    3.38529367680190206762
3.9249999914318323    -2.1345323354866119    3.37431933928387030558
3.9124999912455678    -2.1287425591002842    3.36577604257024955072

4.5000000000000000    -2.3719450467004228    3.07366161313340398287
4.4874999998137355    -2.3666921426409702    3.10263361395858426194
4.4749999996274710    -2.3613899874733888    3.14369323132134071319
4.4624999994412065    -2.3560176941181430    3.19759345335023317824
4.4499999992549419    -2.3505433398678868    3.26717785936799372942
4.4374999990686774    -2.3449209724382287    3.34542248801859635359
4.4249999988824129    -2.3390947572308693    3.41537362262803879834
4.4124999986961484    -2.3330195509409526    3.45196878080039766990
4.3999999985098839    -2.3266898118676527    3.44528832898136455989
4.3874999983236194    -2.3201435978748437    3.41310705707700840351
4.3749999981373549    -2.3134361247746273    3.37573702020656045983
4.3624999979510903    -2.3066157189766137    3.34188642921980998807
4.3499999977648258    -2.2997168186166044    3.31708656017509237153
4.3374999975785613    -2.2927621410821324    3.29813831520234122742
4.3249999973922968    -2.2857664446602159    3.28506009959598795664
4.3124999972060323    -2.2787394412105844    3.27608096209988388704
4.2999999970197678    -2.2716876804046753    3.26966909598177591289
4.2874999968335032    -2.2646157074628923    3.26776941108263135199
4.2749999966472387    -2.2575267709538576    3.26495922516997948799
4.2624999964609742    -2.2504232619677809    3.26518433608911036068
4.2499999962747097    -2.2433069934753469    3.26613564548978314796
4.2374999960884452    -2.2361793840785715    3.26652394009062703537
4.2249999959021807    -2.2290415848344831    3.26792149400778265435
4.2124999957159162    -2.2218945740802440    3.26992412848915383196
4.1999999955296516    -2.2147392392580092    3.27344426307145135169
4.1874999953433871    -2.2075764660598254    3.27866376708393175883
4.1749999951571226    -2.2004072685077829    3.28355637363718321094
4.1624999949708581    -2.1932330383726240    3.29390403434765538624
4.1499999947845936    -2.1860561460600931    3.30642954623454381050
4.1374999945983291    -2.1788817582779605    3.33235942418988821180
4.1249999944120646    -2.1717252791016146    3.39169071992532170589
4.1124999942258000    -2.1646625983641870    3.58348759489827548724
4.0999999940395355    -2.1583167743606015    3.62349798602353968813
4.0874999938532710    -2.1532189274908409    3.15212391497176695775
4.0749999936670065    -2.1483742098261662    3.03601940289616698421
4.0624999934807420    -2.1435702585137175    2.99661655696525917035
4.0499999932944775    -2.1387766355325790    2.97987535846913332519
4.0374999931082129    -2.1339850457308565    2.96942171111506523508
4.0249999929219484    -2.1291921938142968    2.96510103950732334453
4.0124999927356839    -2.1243963715118310    2.96242764462431820141
3.9999999925494194    -2.1195964646332466    2.95956200913796094068
3.9874999923631549    -2.1147915781598225    2.96042229241538747673
3.9749999921768904    -2.1099808547567944    2.96076552568898046102
3.9624999919906259    -2.1051633545414323    2.96182951086475303973
3.9499999918043613    -2.1003379400683744    2.96409614187275750625
3.9374999916180968    -2.0955031273155553    2.96939565790569533904
3.9249999914318323    -2.0906568533953180    2.97597000880708029190
3.9124999912455678    -2.0857960725448108    2.98652207032063562965

4.5000000000000000    -2.3089188696791898    2.95849881176318542765
4.4874999998137355    -2.3042249073136900    2.95818441100912858850
4.4749999996274710    -2.2995292203681124    2.95744228962556239700
4.4624999994412065    -2.2948315859307979    2.95973048127058602696
4.4499999992549419    -2.2901314737614173    2.96300984451140974815
4.4374999990686774    -2.2854270246640969    2.97514218561494988733
4.4249999988824129    -2.2807020668661941    3.08094244355101325671
4.4124999986961484    -2.2747163503680370    3.37823182105724519183
4.3999999985098839    -2.2675412548173299    3.29530808265779695141
4.3874999983236194    -2.2603459331836691    3.28417885180093040501
4.3749999981373549    -2.2531450030491973    3.28064376496468900705
4.3624999979510903    -2.2459402237728980    3.27783455078447057401
4.3499999977648258    -2.2387320967786595    3.27707924460025392115
4.3374999975785613    -2.2315208280422727    3.27754112491734727838
4.3249999973922968    -2.2243065237432376    3.27757705041929497491
4.3124999972060323    -2.2170892482870856    3.27716772240727423826
4.2999999970197678    -2.2098690458150170    3.27787140058352936042
4.2874999968335032    -2.2026459494806461    3.27745916238111388249
4.2749999966472387    -2.1954199859214860    3.27675868756404366591
4.2624999964609742    -2.1881911776092040    3.27712100806308020517
4.2499999962747097    -2.1809595441754444    3.27591447645535785525
4.2374999960884452    -2.1737251032069071    3.27697479996607077333
4.2249999959021807    -2.1664878707501183    3.27698656976778311721
4.2124999957159162    -2.1592478616523585    3.27665505711536681182
4.1999999955296516    -2.1520050898118872    3.27452554314218527388
4.1874999953433871    -2.1447595683888609    3.27569806912705513077
4.1749999951571226    -2.1375113100308805    3.27473430063339144050
4.1624999949708581    -2.1302603272111589    3.27455131906521137650
4.1499999947845936    -2.1230066329524093    3.27434801701462842001
4.1374999945983291    -2.1157502429790753    3.27542880873312645907
4.1249999944120646    -2.1084911851195929    3.27472520726850550659
4.1124999942258000    -2.1012295850653002    3.27416609585614295065
4.0999999940395355    -2.0947319723288977    2.94127753264267331420
4.0874999938532710    -2.0903578263303566    2.93162771705267492773
4.0749999936670065    -2.0859829617743650    2.93269995628457757803
4.0624999934807420    -2.0816067397947928    2.93068885333292571170
4.0499999932944775    -2.0772290940038856    2.93118292405358119956
4.0374999931082129    -2.0728499859771885    2.93042197101785944395
4.0249999929219484    -2.0684693821330993    2.93110630038648969182
4.0124999927356839    -2.0640872496491571    2.93089698346043474038
3.9999999925494194    -2.0597035552802683    2.93012135918689167421
3.9874999923631549    -2.0553182648703436    2.93003693453302460886
3.9749999921768904    -2.0509313430615377    2.92938644650405996561
3.9624999919906259    -2.0465427530432905    2.93025906248033146824
3.9499999918043613    -2.0421524562615319    2.92933506333554865382
3.9374999916180968    -2.0377604120099453    2.92842824731792338304
3.9249999914318323    -2.0333665767751024    2.92962542613168185003
3.9124999912455678    -2.0289709030681520    2.92861819918339600548

4.5000000000000000    -2.2340789269473595    2.93522190609017123177
4.4874999998137355    -2.2297390277401048    2.93470454151447180747
4.4749999996274710    -2.2253983234145083    2.93548807113174675524
4.4624999994412065    -2.2210568016967471    2.93452309869484645314
4.4499999992549419    -2.2167144498472329    2.93612084112242130657
4.4374999990686774    -2.2123712539863130    2.93535213850698950295
4.4249999988824129    -2.2080271901616184    2.93452953288216550711
4.4124999986961484    -2.2022245713578013    3.22970199707615864384
4.3999999985098839    -2.1950532476961042    3.22936399466551638990
4.3874999983236194    -2.1878802187397106    3.22826264370283941762
4.3749999981373549    -2.1807054939948252    3.22778323713069518900
4.3624999979510903    -2.1735290741573854    3.22803409818645685035
4.3499999977648258    -2.1663509590263050    3.22734881446565746634
4.3374999975785613    -2.1591711481310130    3.22756587770305163878
4.3249999973922968    -2.1519896408586563    3.22765051862595478242
4.3124999972060323    -2.1448064364922654    3.22782054491917090111
4.2999999970197678    -2.1376215342252820    3.22703854352711617275
4.2874999968335032    -2.1304349331681856    3.22695426479770790642
4.2749999966472387    -2.1232466323520067    3.22694409597473219143
4.2624999964609742    -2.1160566307304141    3.22610033408301896760
4.2499999962747097    -2.1088649271811302    3.22587940048116031551
4.2374999960884452    -2.1016715205069700    3.22552183314742056566
4.2249999959021807    -2.0944764094366453    3.22512026313990031066
4.2124999957159162    -2.0872795926254684    3.22590435487008813861
4.1999999955296516    -2.0800810686559159    3.22427314745740746646
4.1874999953433871    -2.0728808360381787    3.22487325093916763559
4.1749999951571226    -2.0656788932106553    3.22417131181610613151
4.1624999949708581    -2.0584752385404563    3.22438617903805378111
4.1499999947845936    -2.0512698703240231    3.22377559534378372186
4.1374999945983291    -2.0440627867882482    3.22365034001765948064
4.1249999944120646    -2.0368539860942092    3.22313340840825873139
4.1124999942258000    -2.0296434663688969    3.22267020172358387132
4.0999999940395355    -2.0232783557095790    2.90219144275978938670
4.0874999938532710    -2.0192632729283018    2.90122155978235839332
4.0749999936670065    -2.0152473645455991    2.90208522185090738582
4.0624999934807420    -2.0112306170979455    2.90139549386941652392
4.0499999932944775    -2.0072130170274867    2.90115820054980663050
4.0374999931082129    -2.0031945504725943    2.90078820674201054777
4.0249999929219484    -1.9991752032495063    2.90178793281872069842
4.0124999927356839    -1.9951549608405639    2.90185108509917996850
3.9999999925494194    -1.9911338083831072    2.90146929758861393551
3.9874999923631549    -1.9871117306581392    2.90103707787791554261
3.9749999921768904    -1.9830887120786065    2.90159099355093696407
3.9624999919906259    -1.9790647366771978    2.90032799409686785981
3.9499999918043613    -1.9750397880935848    2.90139185017902114395
3.9374999916180968    -1.9710138495610507    2.90169682960267432737
3.9249999914318323    -1.9669869038924230    2.90105827246501097975
3.9124999912455678    -1.9629589334650641    2.89952156246578067120

4.5000000000000000    -2.1513910842269879    2.90130944218011389986
4.4874999998137355    -2.1473968765443927    2.90127725696859150445
4.4749999996274710    -2.1434021477363245    2.90115821737214622908
4.4624999994412065    -2.1394068908971811    2.90116901718281435169
4.4499999992549419    -2.1354110989929493    2.90168928512518562411
4.4374999990686774    -2.1314147648578667    2.90130537023932171046
4.4249999988824129    -2.1274178811888778    2.90177848892298337249
4.4124999986961484    -2.1218292352641313    3.19571053467059432726
4.3999999985098839    -2.1147471087794516    3.19632144910132517729
4.3874999983236194    -2.1076638181871670    3.19498655145225049870
4.3749999981373549    -2.1005793605118042    3.19727294842595871041
4.3624999979510903    -2.0934937327422634    3.19680363347425164008
4.3499999977648258    -2.0864069318336522    3.19723610336672424957
4.3374999975785613    -2.0793189547072468    3.19514642040902559824
4.3249999973922968    -2.0722297982503002    3.19592283267801202554
4.3124999972060323    -2.0651394593158532    3.19633371288749444108
4.2999999970197678    -2.0580479347225058    3.19731855314213624228
4.2874999968335032    -2.0509552212541937    3.19694946086850491883
4.2749999966472387    -2.0438613156599588    3.19586457291774772311
4.2624999964609742    -2.0367662146537238    3.19532169076358070871
4.2499999962747097    -2.0296699149140403    3.19661681063267531918
4.2374999960884452    -2.0225724130838576    3.19651141257120996225
4.2249999959021807    -2.0154737057702623    3.19712279089987605430
4.2124999957159162    -2.0083737895442351    3.19720639275911241561
4.1999999955296516    -2.0012726609403906    3.19749112736787403357
4.1874999953433871    -1.9941703164567133    3.19627559678330728805
4.1749999951571226    -1.9870667525542864    3.19771403695037744700
4.1624999949708581    -1.9799619656570258    3.19698047023676863699
4.1499999947845936    -1.9728559521514037    3.19607426228670537453
4.1374999945983291    -1.9657487083861540    3.19716360741629913519
4.1249999944120646    -1.9586402306720039    3.19780459482233175871
4.1124999942258000    -1.9515305152813724    3.19663774201626542382
4.0999999940395355    -1.9453339339004119    2.86062716033672388097
4.0874999938532710    -1.9416744082311683    2.86078429117756777994
4.0749999936670065    -1.9380143301464381    2.86017014599014939707
4.0624999934807420    -1.9343536916734037    2.86092506762511425878
4.0499999932944775    -1.9306924846786464    2.86006632622292150431
4.0374999931082129    -1.9270307008639060    2.86018729989236291560
4.0249999929219484    -1.9233683317616623    2.86075284539321609569
4.0124999927356839    -1.9197053687306012    2.86058447155627536599
3.9999999925494194    -1.9160418029509503    2.86076488944361049475
3.9874999923631549    -1.9123776254196221    2.86100219020076001379
3.9749999921768904    -1.9087128269452041    2.85972582795915738346
3.9624999919906259    -1.9050473981427805    2.85959237608520176386
3.9499999918043613    -1.9013813294285642    2.86010209235270691807
3.9374999916180968    -1.8977146110143410    2.86031853162381958090
3.9249999914318323    -1.8940472329017430    2.86041483352275476460
3.9124999912455678    -1.8903791848762637    2.85942158149951032933

4.5000000000000000    -2.3862252759667126    3.46684776718919760753
4.4874999998137355    -2.3793908620131385    3.50885461531894270442
4.4749999996274710    -2.3725867986384541    3.55794254548277909516
4.4624999994412065    -2.3658344234150608    3.61808939932043502254
4.4499999992549419    -2.3591660146009068    3.68324868246186907725
4.4374999990686774    -2.3526277886989599    3.74038050483341461081
4.4249999988824129    -2.3462757553175733    3.76385022773072066464
4.4124999986961484    -2.3401551441135844    3.72781823527961845904
4.3999999985098839    -2.3342714933411020    3.63884196890221396441
4.3874999983236194    -2.3285866488949680    3.52969305273487840503
4.3749999981373549    -2.3230452008499087    3.42819820405644924439
4.3624999979510903    -2.3175985233468088    3.34620081763883847267
4.3499999977648258    -2.3122117632064390    3.28313065049850814382
4.3374999975785613    -2.3068616588219797    3.23370895081368509320
4.3249999973922968    -2.3015327609191782    3.19800967725110014636
4.3124999972060323    -2.2962144974069534    3.17024497202233002916
4.2999999970197678    -2.2908992606816678    3.15081603622722500476
4.2874999968335032    -2.2855812141051217    3.13592524426054062962
4.2749999966472387    -2.2802555394890160    3.12645988898361443914
4.2624999964609742    -2.2749179424662143    3.11884076532250402989
4.2499999962747097    -2.2695643051038830    3.11414206476988940277
4.2374999960884452    -2.2641904201277945    3.11463271024043511612
4.2249999959021807    -2.2587917680037335    3.11675202912210212031
4.2124999957159162    -2.2533633151420420    3.12277041511349768687
4.1999999955296516    -2.2478993244769274    3.12902748286588483083
4.1874999953433871    -2.2423931828947881    3.13967059472837222204
4.1749999951571226    -2.2368372667988079    3.15097767442781688334
4.1624999949708581    -2.2312228894614283    3.16547903864411116432
4.1499999947845936    -2.2255403999552179    3.18050052267882594342
4.1374999945983291    -2.2197795232735378    3.19819136643240029406
4.1249999944120646    -2.2139300218850551    3.21250176279248628804
4.1124999942258000    -2.2079826892078311    3.22608579218732778571
4.0999999940395355    -2.2019305422073261    3.23723488809179917405
4.0874999938532710    -2.1957699124850101    3.24083466603594496443
4.0749999936670065    -2.1895010637021937    3.24649397501890544094
4.0624999934807420    -2.1831280928204340    3.24537738815350111318
4.0499999932944775    -2.1766581600947976    3.24389507523528493435
4.0374999931082129    -2.1701003486100667    3.24176096794433479527
4.0249999929219484    -2.1634645202666829    3.23945636658200815231
4.0124999927356839    -2.1567604221968479    3.23747703945961633827
3.9999999925494194    -2.1499971293200786    3.23701665418209671076
3.9874999923631549    -2.1431827877216110    3.23983752861935965571
3.9749999921768904    -2.1363245760000793    3.24237444544441211648
3.9624999919906259    -2.1294288057574202    3.24891213105375982473
3.9499999918043613    -2.1225011092851078    3.25775821852001602709
3.9374999916180968    -2.1155466959091367    3.26801945660576793375
3.9249999914318323    -2.1085706965590614    3.28437258847437590806
3.9124999912455678    -2.1015786710903570    3.30320580994075768265

4.5000000000000000    -2.3250443982676394    3.27896295352133594560
4.4874999998137355    -2.3178698628946681    3.28056810429619408382
4.4749999996274710    -2.3106923184525261    3.27973005756859615307
4.4624999994412065    -2.3035119945092690    3.28289067331906960000
4.4499999992549419    -2.2963294236128258    3.28675631741135774750
4.4374999990686774    -2.2891464632260310    3.29781755169259702684
4.4249999988824129    -2.2819792795636018    3.39232987313962321336
4.4124999986961484    -2.2760681133795950    3.07159098975597195241
4.3999999985098839    -2.2713415721596615    2.97372624240215822238
4.3874999983236194    -2.2666304864463775    2.96305594245446720465
4.3749999981373549    -2.2619202184805833    2.95880179328461943096
4.3624999979510903    -2.2572089848956165    2.95685045720071946855
4.3499999977648258    -2.2524962562030808    2.95647152805716777082
4.3374999975785613    -2.2477817939761850    2.95500030692485033692
4.3249999973922968    -2.2430654547357580    2.95378520069603366224
4.3124999972060323    -2.2383471312888013    2.95402440179485232239
4.2999999970197678    -2.2336267303348025    2.95284923381873225896
4.2874999968335032    -2.2289041619546870    2.95256589055566978749
4.2749999966472387    -2.2241793333881015    2.95340158614054155268
4.2624999964609742    -2.2194521441442845    2.95276713532353961050
4.2499999962747097    -2.2147224808962584    2.95262710750579776054
4.2374999960884452    -2.2099902108765481    2.95334901534888617488
4.2249999959021807    -2.2052551721053280    2.95387383707445337557
4.2124999957159162    -2.2005171576023765    2.95393260656825364205
4.1999999955296516    -2.1957758880075335    2.95590271216966036659
4.1874999953433871    -2.1910309606179319    2.95640357149627106470
4.1749999951571226    -2.1862817464996067    2.96104519908720777740
4.1624999949708581    -2.1815271606725060    2.96705656432942697595
4.1499999947845936    -2.1767650754722370    2.97743645323399448721
4.1374999945983291    -2.1719905132599946    2.99989702029497592160
4.1249999944120646    -2.1671882128575639    3.05920427769219273263
4.1124999942258000    -2.1622823864457090    3.28762907083437863382
4.0999999940395355    -2.1566500403695277    3.69953892789001206453
4.0874999938532710    -2.1497600834865707    3.41544122111973869234
4.0749999936670065    -2.1426073581959493    3.32950356951960585125
4.0624999934807420    -2.1354041862274844    3.30304610371786175707
4.0499999932944775    -2.1281809265370404    3.29175908691779891429
4.0374999931082129    -2.1209457530718705    3.28684296297958896804
4.0249999929219484    -2.1137017912011626    3.28470832167322688644
4.0124999927356839    -2.1064505207127207    3.28288527799713916494
3.9999999925494194    -2.0991927542511699    3.28281073172926123938
3.9874999923631549    -2.0919289907634537    3.28293031349808759364
3.9749999921768904    -2.0846595647527968    3.28404186933539612623
3.9624999919906259    -2.0773847169928241    3.28494157399447426408
3.9499999918043613    -2.0701046312020277    3.28625641792461083536
3.9374999916180968    -2.0628194545959375    3.28658266128589569952
3.9249999914318323    -2.0555293103465040    3.28700152882103393127
3.9124999912455678    -2.0482343060009383    3.28786850056878926247

4.5000000000000000    -2.2523765493305827    3.23179129985085779602
4.4874999998137355    -2.2452170649770751    3.23217743963567308903
4.4749999996274710    -2.2380558870872620    3.23063786165711088957
4.4624999994412065    -2.2308930160386025    3.23104952000108761696
4.4499999992549419    -2.2237284523156755    3.23012024292196657884
4.4374999990686774    -2.2165621971780123    3.23021391962829784619
4.4249999988824129    -2.2093942615857078    3.22935435412802289575
4.4124999986961484    -2.2036823191822066    2.93549425518987300277
4.3999999985098839    -2.1993365060867607    2.93542393477677976714
4.3874999983236194    -2.1949898085805262    2.93528152756106886726
4.3749999981373549    -2.1906422025965244    2.93450842050039449127
4.3624999979510903    -2.1862936724633255    2.93492176879225512461
4.3499999977648258    -2.1819442029816303    2.93523675759019329781
4.3374999975785613    -2.1775937787860222    2.93453077057647127002
4.3249999973922968    -2.1732423842062278    2.93470355359597180156
4.3124999972060323    -2.1688900032167964    2.93389173346064597702
4.2999999970197678    -2.1645366194094877    2.93405766464631389276
4.2874999968335032    -2.1601822159725570    2.93359683080033987719
4.2749999966472387    -2.1558267756720069    2.93373016717555612780
4.2624999964609742    -2.1514702808326196    2.93283682135467171481
4.2499999962747097    -2.1471127133177093    2.93272623494103764361
4.2374999960884452    -2.1427540545061574    2.93340624283179152144
4.2249999959021807    -2.1383942852652815    2.93321197353170347527
4.2124999957159162    -2.1340333859161298    2.93309706573553310538
4.1999999955296516    -2.1296713361854116    2.93283102435307905988
4.1874999953433871    -2.1253081151306739    2.93239631560708874369
4.1749999951571226    -2.1209437010074970    2.93274685251138074286
4.1624999949708581    -2.1165780709944144    2.93330635605514108847
4.1499999947845936    -2.1122112005111826    2.93153055193081016360
4.1374999945983291    -2.1078430610933268    2.93252983715280363315
4.1249999944120646    -2.1034736110048895    2.93252209443629395405
4.1124999942258000    -2.0991027094851722    2.93410293770617281849
4.0999999940395355    -2.0939638107880243    3.28189013881095134270
4.0874999938532710    -2.0866974180868643    3.27326165310687754607
4.0749999936670065    -2.0794276980816577    3.27211375308774183950
4.0624999934807420    -2.0721552698325532    3.27275297827582466355
4.0499999932944775    -2.0648801786822037    3.27102568536584499223
4.0374999931082129    -2.0576024407349163    3.27079078290466268748
4.0249999929219484    -2.0503220659324670    3.27086192665073690103
4.0124999927356839    -2.0430390620823129    3.27028800696321763275
3.9999999925494194    -2.0357534359694158    3.27140882003578085122
3.9874999923631549    -2.0284651937544389    3.26943672989150540859
3.9749999921768904    -2.0211743411444689    3.26995511287916354047
3.9624999919906259    -2.0138808834772011    3.26899181314243616613
3.9499999918043613    -2.0065848257677192    3.26790642534499077999
3.9374999916180968    -1.9992861727373461    3.26875598627817939151
3.9249999914318323    -1.9919849288332971    3.26707299356633616293
3.9124999912455678    -1.9846810982433325    3.26707118117193243590

4.5000000000000000    -2.1713717689941476    3.19551366468523629803
4.4874999998137355    -2.1642977106166121    3.19709595483489659291
4.4749999996274710    -2.1572225080622327    3.19598042203036000601
4.4624999994412065    -2.1501461585813377    3.19601326321680171035
4.4499999992549419    -2.1430686593922208    3.19629739881311989683
4.4374999990686774    -2.1359900076811571    3.19505168710288167135
4.4249999988824129    -2.1289102006045191    3.19612641671440379375
4.4124999986961484    -2.1234204405667549    2.90221115554432430687
4.3999999985098839    -2.1194224353802951    2.90233820981906093283
4.3874999983236194    -2.1154238579229419    2.90087917713993778701
4.3749999981373549    -2.1114247003183473    2.90123577704815340558
4.3624999979510903    -2.1074249545398054    2.90023390909041603567
4.3499999977648258    -2.1034246124043228    2.90178672614728541939
4.3374999975785613    -2.0994236655684206    2.90253727106454310837
4.3249999973922968    -2.0954221055238862    2.90162871418040274932
4.3124999972060323    -2.0914199235935000    2.90217036955076996370
4.2999999970197678    -2.0874171109265167    2.90148429522865268417
4.2874999968335032    -2.0834136584941128    2.90053328848929792370
4.2749999966472387    -2.0794095570845705    2.90107892427177909995
4.2624999964609742    -2.0754047972983702    2.90217624109938798381
4.2499999962747097    -2.0713993695431121    2.90152672584556410064
4.2374999960884452    -2.0673932640281851    2.90129697047679747956
4.2249999959021807    -2.0633864707593621    2.90166615126902721470
4.2124999957159162    -2.0593789795330948    2.90113067463296278592
4.1999999955296516    -2.0553707799306902    2.90175070184158603133
4.1874999953433871    -2.0513618613121882    2.90137402337824011752
4.1749999951571226    -2.0473522128100718    2.89983197622915295764
4.1624999949708581    -2.0433418233226299    2.90064928219766935270
4.1499999947845936    -2.0393306815070047    2.90151853446921580864
4.1374999945983291    -2.0353187757713753    2.90005303421836056342
4.1249999944120646    -2.0313060942642789    2.90037003561214381934
4.1124999942258000    -2.0272926248356615    2.90105086929832946003
4.0999999940395355    -2.0224312250249028    3.22276794357060518306
4.0874999938532710    -2.0152172613084414    3.22231204032818850441
4.0749999936670065    -2.0080015720978510    3.22207382752550384715
4.0624999934807420    -2.0007841554237613    3.22178539191100541533
4.0499999932944775    -1.9935650090371966    3.22073053999673850696
4.0374999931082129    -1.9863441306096759    3.22133409302677116274
4.0249999929219484    -1.9791215177418084    3.22036792228911412581
4.0124999927356839    -1.9718971679648754    3.22155827151872889034
3.9999999925494194    -1.9646710787413317    3.22195871974173110434
3.9874999923631549    -1.9574432474650192    3.22110779157172772477
3.9749999921768904    -1.9502136714612925    3.22094585370790683059
3.9624999919906259    -1.9429823479870734    3.21985981670712727407
3.9499999918043613    -1.9357492742309079    3.22077840353320993152
3.9374999916180968    -1.9285144473129676    3.22107273903845886163
3.9249999914318323    -1.9212778642850485    3.21903775954001707799
3.9124999912455678    -1.9140395221305511    3.22092150135339946480

4.5000000000000000    -2.0836134388639462    3.18356058648456478498
4.4874999998137355    -2.0766650710255008    3.18325584663866185411
4.4749999996274710    -2.0697158596399636    3.18347063818886621966
4.4624999994412065    -2.0627658016096277    3.18341123833226245289
4.4499999992549419    -2.0558148938124510    3.18334930191970147720
4.4374999990686774    -2.0488631331018392    3.18266757475420561841
4.4249999988824129    -2.0419105163064213    3.18308248063517599744
4.4124999986961484    -2.0366630049690362    2.85843450399229800766
4.3999999985098839    -2.0330150954284480    2.85906983718114907924
4.3874999983236194    -2.0293667906600295    2.85889852388398151722
4.3749999981373549    -2.0257180856486570    2.85989095189372994786
4.3624999979510903    -2.0220689752913001    2.85931187958014226889
4.3499999977648258    -2.0184194543950045    2.85922412729058029839
4.3374999975785613    -2.0147695176748539    2.85853015752925797852
4.3249999973922968    -2.0111191597518370    2.85889037014635374293
4.3124999972060323    -2.0074683751506854    2.86051373479365659571
4.2999999970197678    -2.0038171582976210    2.85881935297508686417
4.2874999968335032    -2.0001655035180863    2.85965367007370180308
4.2749999966472387    -1.9965134050343258    2.85957469621521288361
4.2624999964609742    -1.9928608569629822    2.85929114452684967414
4.2499999962747097    -1.9892078533125868    2.85931486982782072891
4.2374999960884452    -1.9855543879809330    2.85885793963442737817
4.2249999959021807    -1.9819004547524628    2.85965520922871206059
4.2124999957159162    -1.9782460472954835    2.86047961347796885845
4.1999999955296516    -1.9745911591593648    2.85918917114979748238
4.1874999953433871    -1.9709357837716128    2.85976062641386727619
4.1749999951571226    -1.9672799144348789    2.85926339469764738497
4.1624999949708581    -1.9636235443238375    2.85953224901310041066
4.1499999947845936    -1.9599666664820339    2.85990535631843297384
4.1374999945983291    -1.9563092738185590    2.85981262699518577535
4.1249999944120646    -1.9526513591046639    2.85979347898077648836
4.1124999942258000    -1.9489929149702658    2.86113422592374885508
4.0999999940395355    -1.9444195584479675    3.19751235643938072736
4.0874999938532710    -1.9373073563668968    3.19835298395707408239
4.0749999936670065    -1.9301939051936758    3.19815042819826645597
4.0624999934807420    -1.9230792010444895    3.19741846527523640876
4.0499999932944775    -1.9159632399956350    3.19638121414893499835
4.0374999931082129    -1.9088460180832394    3.19732803171256746433
4.0249999929219484    -1.9017275313029185    3.19957503468723363361
4.0124999927356839    -1.8946077756094517    3.19789745315774761670
3.9999999925494194    -1.8874867469164405    3.19818238853796416531
3.9874999923631549    -1.8803644410959561    3.19768471120480037191
3.9749999921768904    -1.8732408539781920    3.19770635653464331506
3.9624999919906259    -1.8661159813511037    3.19809995455339070476
3.9499999918043613    -1.8589898189600462    3.19724075988701770482
3.9374999916180968    -1.8518623625073991    3.19852535972858985597
3.9249999914318323    -1.8447336076521981    3.19842160721054937335
3.9124999912455678    -1.8376035500097465    3.19881470924699350708

