-4.10331084174065
-4.103310841740646
-4.103310841740642
-4.103310841740638
-4.103310841740634
-4.10331084174063
-4.103310841740626
-4.103310841740622
-4.103310841740618
-4.103310841740614
-4.10331084174061
-4.103310841740606
-4.103310841740602
-4.103310841740598
-4.103310841740594
-4.10331084174059
-4.103310841740586
-4.103310841740582
-4.103310841740578
-4.103310841740574
-4.10331084174057
-4.103310841740566
-4.103310841740562
-4.103310841740558
-4.103310841740555
-4.103310841740554
-4.10331084174055
-4.103310841740546
-4.103310841740542
-4.103310841740538
-4.103310841740534
-4.10331084174053
-4.103310841740526
-4.103310841740522
-4.103310841740518
-4.103310841740514
-4.10331084174051
-4.103310841740506
-4.103310841740502
-4.103310841740498
-4.103310841740494
-4.10331084174049
-4.103310841740486
-4.103310841740482
-4.103310841740478
-4.103310841740474
-4.10331084174047
-4.103310841740466
-4.103310841740462
-4.103310841740458
-4.103310841740454
-4.10331084174045