1.9149183928122591    -1.1645070285798389    3.28449467148231658963
1.9149172163416710    -1.1645062597635829    3.28441725112413209636
1.9149160398710829    -1.1645054909716281    3.28490554148505703403
1.9149148634004940    -1.1645047222063420    3.28506214156875117507
1.9149136869299059    -1.1645039534704080    3.28618729432259425562
1.9149125104593181    -1.1645031847668741    3.28593946953698326009
1.9149113339887300    -1.1645024160992250    3.28578641779663423172
1.9149101575181411    -1.1645016474714580    3.28681065356576035158
1.9149089810475530    -1.1645008788881821    3.28633244642388034490
1.9149078045769650    -1.1645001103547390    3.28808476869915887811
1.9149066281063769    -1.1644993418773582    3.28881058197803146856
1.9149054516357880    -1.1644985734633420    3.28882779238909201129
1.9149042751651999    -1.1644978051213131    3.28977120408038461574
1.9149030986946121    -1.1644970368615231    3.29140372565141182699
1.9149019222240240    -1.1644962686962570    3.29222304311370472752
1.9149007457534351    -1.1644955006403601    3.29258327749104471628
1.9148995692828470    -1.1644947327119461    3.29395365026978377380
1.9148983928122589    -1.1644939649333379    3.29587756887633867142
1.9148972163416711    -1.1644931973323691    3.29687642794885351683
1.9148960398710830    -1.1644924299441839    3.29932548774195109919
1.9148948634004941    -1.1644916628138049    3.30163685868359952627
1.9148936869299060    -1.1644908959998390    3.30377282749275797791
1.9148925104593180    -1.1644901295799990    3.30731222594365839216
1.9148913339887299    -1.1644893636595222    3.31131311255500524588
1.9148901575181410    -1.1644885983844400    3.31650715852781085712
1.9148889810475529    -1.1644878339632649    3.32397140527726640087
1.9148878045769651    -1.1644870707039741    3.33291711130368993794
1.9148866281063770    -1.1644863090803150    3.34447738269346530335
1.9148854516357880    -1.1644855498580409    3.36210841469510744815
1.9148842751652000    -1.1644847943531160    3.38409461274676474874
1.9148830986946119    -1.1644840450074110    3.42059307912817388330
1.9148819222240241    -1.1644833068076190    3.47402136834207046941
1.9148807457534349    -1.1644825911451051    3.55872735295087387034
1.9148795692828471    -1.1644819263636490    3.65250054369016498778
1.9148783928122590    -1.1644813729476751    3.59691109230586874516
1.9148783928122590    -1.1644813729476751    3.59689994827624298364
1.9148772163416710    -1.1644809774966349    3.28032230005374623050
1.9148760398710829    -1.1644806934172480    2.99251422907418396127
1.9148748634004940    -1.1644804602227090    2.82678963871314871186
1.9148736869299059    -1.1644802495670850    2.73388703518284816398
1.9148725104593181    -1.1644800500581709    2.67841747689466973237
1.9148713339887300    -1.1644798567089552    2.64313247816891118153
1.9148701575181410    -1.1644796670774291    2.61984416045764939899
1.9148689810475530    -1.1644794798475659    2.60263477606379860251
1.9148678045769649    -1.1644792942535800    2.59090415140231516912
1.9148666281063771    -1.1644791098217040    2.58145718103479135060
1.9148654516357879    -1.1644789262439530    2.57496144247694213670
1.9148642751652001    -1.1644787433118060    2.56940265593309499379
1.9148630986946120    -1.1644785608792281    2.56403099320120851624
1.9148619222240240    -1.1644783788409789    2.56057451473354423001
1.9148607457534350    -1.1644781971193450    2.55816132550527501502
1.9148595692828470    -1.1644780156557160    2.55459225176971787023
1.9148583928122589    -1.1644778344050710    2.55321553147688628453
1.9148572163416711    -1.1644776533322621    2.55061821234610048626
1.9148560398710830    -1.1644774724094571    2.54919991774728765333
1.9148548634004940    -1.1644772916143311    2.54732104069428858906
1.9148536869299060    -1.1644771109287730    2.54641569396696057438
1.9148525104593179    -1.1644769303379350    2.54529163011684794130
1.9148513339887301    -1.1644767498295321    2.54449301153564977135
1.9148501575181409    -1.1644765693933130    2.54411922467162052316
1.9148489810475531    -1.1644763890206551    2.54331907322981302716
1.9148478045769650    -1.1644762087042539    2.54296310743135192461
1.9148466281063770    -1.1644760284378830    2.54221215470588894690
1.9148454516357880    -1.1644758482161990    2.54119843384239318886
1.9148442751651999    -1.1644756680345940    2.54139932116126862974
1.9148430986946119    -1.1644754878890680    2.54010774037950434918
1.9148419222240241    -1.1644753077761392    2.53923658269561271423
1.9148407457534351    -1.1644751276927570    2.53934482453115803360
1.9148395692828470    -1.1644749476362399    2.53877595860058050841
1.9148383928122590    -1.1644747676042211    2.53863159885441277519


1.9149183928122591    -1.1644869569488732    2.53820094086367030722
1.9149172163416710    -1.1644867769193130    2.53857599299953146880
1.9149160398710829    -1.1644865968651821    2.53980530399844024324
1.9149148634004940    -1.1644864167841120    2.53988505207804046823
1.9149136869299059    -1.1644862366734230    2.53973677402603490133
1.9149125104593181    -1.1644860565300639    2.53966080509122749944
1.9149113339887300    -1.1644858763505510    2.54133997753904269999
1.9149101575181411    -1.1644856961308880    2.54236709897882992354
1.9149089810475530    -1.1644855158664651    2.54217255930969152663
1.9149078045769650    -1.1644853355519391    2.54224026937697095618
1.9149066281063769    -1.1644851551810820    2.54334518161753092547
1.9149054516357880    -1.1644849747465920    2.54529135023247942197
1.9149042751651999    -1.1644847942398460    2.54558442451633845931
1.9149030986946121    -1.1644846136505920    2.54586679638858362040
1.9149019222240240    -1.1644844329665460    2.54785668143556545749
1.9149007457534351    -1.1644842521728600    2.54917397268635557614
1.9148995692828470    -1.1644840712514239    2.55042589682087764711
1.9148983928122589    -1.1644838901799119    2.55260948684302720274
1.9148972163416711    -1.1644837089304929    2.55535251126987733496
1.9148960398710830    -1.1644835274680210    2.55760508083887334787
1.9148948634004941    -1.1644833457474741    2.56048195816027006171
1.9148936869299060    -1.1644831637102440    2.56396832965208826293
1.9148925104593180    -1.1644829812786199    2.56900162213425042575
1.9148913339887299    -1.1644827983473640    2.57465569241921530966
1.9148901575181410    -1.1644826147704450    2.58093913911931220747
1.9148889810475529    -1.1644824303393480    2.59021901693241871881
1.9148878045769651    -1.1644822447461001    2.60353737786549838638
1.9148866281063770    -1.1644820575169510    2.62019882322879042952
1.9148854516357880    -1.1644818678861470    2.64329851920413990926
1.9148842751652000    -1.1644816745377260    2.67828414104080927429
1.9148830986946119    -1.1644814750298149    2.73473558413350699425
1.9148819222240241    -1.1644812643757230    2.82749593700158530132
1.9148807457534349    -1.1644810311840850    2.99354428434326342158
1.9148795692828471    -1.1644807471111189    3.27996055824926648157
1.9148783928122590    -1.1644803516724020    3.59708548881867304142
1.9148783928122590    -1.1644803516724020    3.59699588095344292295
1.9148772163416710    -1.1644797982684820    3.65435953945902124401
1.9148760398710829    -1.1644791334926410    3.55890719306232405960
1.9148748634004940    -1.1644784178316820    3.47492081861152905201
1.9148736869299059    -1.1644776796315401    3.42003248558870057844
1.9148725104593181    -1.1644769302844180    3.38372609259832729089
1.9148713339887300    -1.1644761747773300    3.36128336430978187752
1.9148701575181410    -1.1644754155522830    3.34377768628570004941
1.9148689810475530    -1.1644746539253041    3.33427497710359241399
1.9148678045769649    -1.1644738906621799    3.32384906901049995143
1.9148666281063771    -1.1644731262366761    3.31722071906468446456
1.9148654516357879    -1.1644723609567789    3.31237491244430987472
1.9148642751652001    -1.1644715950310081    3.30782168316227313180
1.9148630986946120    -1.1644708286054000    3.30363790802910455729
1.9148619222240240    -1.1644700617851931    3.30209950252880655931
1.9148607457534350    -1.1644692946481030    3.29844550024438250497
1.9148595692828470    -1.1644685272527391    3.29644077966189002734
1.9148583928122589    -1.1644677596441229    3.29509862212160302289
1.9148572163416711    -1.1644669918574011    3.29290873258480596103
1.9148560398710830    -1.1644662239204060    3.29308616481862732254
1.9148548634004940    -1.1644654558554630    3.29114851412038738124
1.9148536869299060    -1.1644646876806839    3.29091019235045858030
1.9148525104593179    -1.1644639194109161    3.29058822854062883907
1.9148513339887301    -1.1644631510584431    3.28978100135242933623
1.9148501575181409    -1.1644623826335181    3.28959233991904365915
1.9148489810475531    -1.1644616141447630    3.28713703255380488145
1.9148478045769650    -1.1644608455994820    3.28729507052127989126
1.9148466281063770    -1.1644600770039020    3.28759349650751046758
1.9148454516357880    -1.1644593083633670    3.28509320504377083281
1.9148442751651999    -1.1644585396824840    3.28586145988414203914
1.9148430986946119    -1.1644577709652522    3.28577600058410858081
1.9148419222240241    -1.1644570022151550    3.28522640764107968863
1.9148407457534351    -1.1644562334352420    3.28385638134252742229
1.9148395692828470    -1.1644554646281948    3.28551720446536109246
1.9148383928122590    -1.1644546957963811    3.28458715443389057207


