1.9148783928122650    -1.0154614176051411    3.33978436132259637607
1.9148783928122650    -1.0154614176051411    3.33913481591281666107
1.9148783928122650    -1.0154614176051411    3.33795502563262257568
1.9148783928122650    -1.0154614176051411    3.33925731554035648378
1.9148783928122639    -1.0154614176051411    3.33911219279550322038
1.9148783928122639    -1.0154614176051411    3.33929834862880495563
1.9148783928122639    -1.0154614176051411    3.33840003770839710193
1.9148783928122639    -1.0154614176051400    3.33858170986700970406
1.9148783928122639    -1.0154614176051400    3.33918914185397108156
1.9148783928122639    -1.0154614176051400    3.33985561145908530856
1.9148783928122639    -1.0154614176051400    3.33857160355042776158
1.9148783928122639    -1.0154614176051400    3.33899776783409083132
1.9148783928122630    -1.0154614176051400    3.33927456804613204729
1.9148783928122630    -1.0154614176051400    3.33958250141569002551
1.9148783928122630    -1.0154614176051400    3.34017042645053802608
1.9148783928122630    -1.0154614176051400    3.34008047361651626457
1.9148783928122630    -1.0154614176051400    3.33932675643199261095
1.9148783928122630    -1.0154614176051400    3.34063700443526739674
1.9148783928122630    -1.0154614176051391    3.34148423760933138563
1.9148783928122619    -1.0154614176051391    3.33984355120965505591
1.9148783928122619    -1.0154614176051391    3.34098161858991149226
1.9148783928122619    -1.0154614176051391    3.34148781643395468145
1.9148783928122619    -1.0154614176051391    3.34047659716862182610
1.9148783928122619    -1.0154614176051391    3.34155996407710307585
1.9148783928122619    -1.0154614176051391    3.34154653198259748211
1.9148783928122619    -1.0154614176051391    3.34143519800170741034
1.9148783928122619    -1.0154614176051391    3.34268274444195236279
1.9148783928122610    -1.0154614176051391    3.34334186163800054815
1.9148783928122610    -1.0154614176051391    3.34316603297819851348
1.9148783928122610    -1.0154614176051380    3.34367886096105607139
1.9148783928122610    -1.0154614176051380    3.34465859827909270038
1.9148783928122610    -1.0154614176051380    3.34501004898681279830
1.9148783928122610    -1.0154614176051380    3.34630938134628312620
1.9148783928122610    -1.0154614176051380    3.34603261240134844346
1.9148783928122599    -1.0154614176051380    3.34908382494311273356
1.9148783928122599    -1.0154614176051380    3.34953901591795755741
1.9148783928122599    -1.0154614176051380    3.35123820153040853187
1.9148783928122599    -1.0154614176051380    3.35278201371644225988
1.9148783928122599    -1.0154614176051380    3.35562899889546075371
1.9148783928122599    -1.0154614176051380    3.35967362548689214732
1.9148783928122599    -1.0154614176051380    3.36465786303657832831
1.9148783928122599    -1.0154614176051371    3.37255766087437906168
1.9148783928122590    -1.0154614176051371    3.38330045395346168239
1.9148783928122590    -1.0154614176051371    3.39712721337350314417
1.9148783928122590    -1.0154614176051371    3.41653796680424673123
1.9148783928122590    -1.0154614176051371    3.42296811423053188965
1.9148783928122590    -1.0154614176051371    3.20576356852086469034
1.9148783928122590    -1.0154614176051371    2.86668453251534386186
1.9148783928122590    -1.0154614176051371    2.28188231152340867836
1.9148783928122590    -1.0154614176051371    1.60655483917882187066
1.9148783928122579    -1.0154614176051371    1.34882984230882824758
1.9148783928122579    -1.0154614176051371    1.23909932925899861648
1.9148783928122579    -1.0154614176051371    1.18352257860632450082
1.9148783928122579    -1.0154614176051371    1.15206394314049949282
1.9148783928122579    -1.0154614176051371    1.13208240783849859487
1.9148783928122579    -1.0154614176051371    1.11920326263123851788
1.9148783928122579    -1.0154614176051371    1.11001416963400149169
1.9148783928122579    -1.0154614176051371    1.10352025905126831511
1.9148783928122570    -1.0154614176051371    1.09839318407414035170
1.9148783928122570    -1.0154614176051371    1.09407367858455817995
1.9148783928122570    -1.0154614176051371    1.09078148917733224604
1.9148783928122570    -1.0154614176051371    1.08839428071286099711
1.9148783928122570    -1.0154614176051371    1.08645048927812489913
1.9148783928122570    -1.0154614176051371    1.08509594072349862604
1.9148783928122570    -1.0154614176051371    1.08376162472321310476
1.9148783928122559    -1.0154614176051371    1.08243742719242274904
1.9148783928122559    -1.0154614176051371    1.08160723589745184187
1.9148783928122559    -1.0154614176051371    1.08037210587905418480
1.9148783928122559    -1.0154614176051371    1.07957457614430469444
1.9148783928122559    -1.0154614176051371    1.07897700569614458683


1.9148783928122650    -1.0154614176051371    1.07371022590462758864
1.9148783928122650    -1.0154614176051371    1.07404869513281199002
1.9148783928122650    -1.0154614176051371    1.07350138442517138975
1.9148783928122650    -1.0154614176051371    1.07380290409021169446
1.9148783928122639    -1.0154614176051371    1.07382159103159230027
1.9148783928122639    -1.0154614176051371    1.07354784911547772829
1.9148783928122639    -1.0154614176051371    1.07403724275484653984
1.9148783928122639    -1.0154614176051371    1.07408159921227992057
1.9148783928122639    -1.0154614176051371    1.07445291906545608641
1.9148783928122639    -1.0154614176051371    1.07460845455708019116
1.9148783928122639    -1.0154614176051371    1.07461759396477989526
1.9148783928122639    -1.0154614176051371    1.07424451003463727514
1.9148783928122630    -1.0154614176051371    1.07483731276099511481
1.9148783928122630    -1.0154614176051371    1.07508653122225016421
1.9148783928122630    -1.0154614176051371    1.07525443165458182125
1.9148783928122630    -1.0154614176051371    1.07541814071339752047
1.9148783928122630    -1.0154614176051371    1.07557630136601657981
1.9148783928122630    -1.0154614176051371    1.07606581391907450457
1.9148783928122630    -1.0154614176051371    1.07573022883540499195
1.9148783928122619    -1.0154614176051371    1.07643985522918301460
1.9148783928122619    -1.0154614176051371    1.07667384138457522850
1.9148783928122619    -1.0154614176051371    1.07706675001726777114
1.9148783928122619    -1.0154614176051371    1.07718198785785382288
1.9148783928122619    -1.0154614176051371    1.07813645954307748762
1.9148783928122619    -1.0154614176051371    1.07824752343524873574
1.9148783928122619    -1.0154614176051371    1.07915650539636801496
1.9148783928122619    -1.0154614176051371    1.07969006585385173523
1.9148783928122610    -1.0154614176051371    1.08057702672382039549
1.9148783928122610    -1.0154614176051371    1.08115462118012050697
1.9148783928122610    -1.0154614176051371    1.08248139978923094942
1.9148783928122610    -1.0154614176051371    1.08391959488109848760
1.9148783928122610    -1.0154614176051371    1.08495930279580435264
1.9148783928122610    -1.0154614176051371    1.08706034203433146083
1.9148783928122610    -1.0154614176051371    1.08891242367473867886
1.9148783928122599    -1.0154614176051371    1.09173902598464150893
1.9148783928122599    -1.0154614176051371    1.09462442840046309802
1.9148783928122599    -1.0154614176051371    1.09920077335368191645
1.9148783928122599    -1.0154614176051371    1.10408831021829355464
1.9148783928122599    -1.0154614176051371    1.11092554065130760853
1.9148783928122599    -1.0154614176051371    1.12005312378647876848
1.9148783928122599    -1.0154614176051371    1.13452001436847370731
1.9148783928122599    -1.0154614176051371    1.15547195534553694682
1.9148783928122590    -1.0154614176051371    1.18867075447340958430
1.9148783928122590    -1.0154614176051371    1.24849114688551616310
1.9148783928122590    -1.0154614176051371    1.36984702999376774181
1.9148783928122590    -1.0154614176051371    1.65971034581139611325
1.9148783928122590    -1.0154614176051371    2.40938128298197592829
1.9148783928122590    -1.0154614176051371    2.86672820332066800907
1.9148783928122590    -1.0154614176051371    3.26708792977004166820
1.9148783928122590    -1.0154614176051371    3.42460192062669587019
1.9148783928122579    -1.0154614176051371    3.41465404033048280496
1.9148783928122579    -1.0154614176051371    3.39521367690314133632
1.9148783928122579    -1.0154614176051371    3.38083810831020620214
1.9148783928122579    -1.0154614176051360    3.37179503475754762981
1.9148783928122579    -1.0154614176051360    3.36506778520879698069
1.9148783928122579    -1.0154614176051360    3.35996948272728188935
1.9148783928122579    -1.0154614176051360    3.35619941355061412124
1.9148783928122579    -1.0154614176051360    3.35313632403690307861
1.9148783928122570    -1.0154614176051360    3.35158915228937973811
1.9148783928122570    -1.0154614176051360    3.34912317935599025925
1.9148783928122570    -1.0154614176051360    3.34892673271137203818
1.9148783928122570    -1.0154614176051360    3.34695550962900675537
1.9148783928122570    -1.0154614176051360    3.34618943147841271107
1.9148783928122570    -1.0154614176051360    3.34423828374493112389
1.9148783928122570    -1.0154614176051351    3.34496198655293782028
1.9148783928122559    -1.0154614176051351    3.34307643535108330707
1.9148783928122559    -1.0154614176051351    3.34280351997971779334
1.9148783928122559    -1.0154614176051351    3.34249829631716303762
1.9148783928122559    -1.0154614176051351    3.34205896513381262394
1.9148783928122559    -1.0154614176051351    3.34186762437398105548


