-4616.62855436763
-4607.320273430237
-4598.024033095654
-4588.739834721118
-4579.467679671811
-4570.207569320922
-4560.959505049702
-4551.723488247522
-4542.499520311933
-4533.287602648725
-4524.087736671984
-4514.899923804158
-4505.724165476112
-4496.560463127191
-4487.408818205285
-4478.269232166886
-4469.141706477156
-4460.026242609988
-4450.922842048068
-4441.831506282945
-4432.752236815092
-4423.685035153974
-4414.629902818112
-4405.586841335151
-4396.555852241931
-4387.536937084549
-4378.530097418434
-4369.53533480841
-4360.552650828773
-4351.582047063357
-4342.623525105605
-4333.677086558645
-4324.74273303536
-4315.820466158459
-4306.910287560557
-4298.012198884245
-4289.126201782165
-4280.25229791709
-4271.390488961997
-4262.540776600146
-4253.703162525158
-4244.877648441095
-4236.064236062537
-4227.262927114665
-4218.47372333334
-4209.696626465188
-4200.931638267677
-4192.178760509208
-4183.437994969192
-4174.709343438141
-4165.992807717749
-4157.288389620981
-4148.59609097216
-4139.915913607056
-4131.247859372975
-4122.591930128846
-4113.948127745317
-4105.316454104842
-4096.696911101776
-4088.089500642469
-4079.494224645357
-4070.911085041061
-4062.340083772482
-4053.781222794898
-4045.23450407606
-4036.699929596295
-4028.177501348604
-4019.66722133876
-4011.169091585416
-4002.683114120203
-3994.209290987836
-3985.74762424622
-3977.298115966552
-3968.860768233434
-3960.435583144974
-3952.022562812903
-3943.621709362678
-3935.2330249336
-3926.856511678921
-3918.492171765959
-3910.140007376217
-3901.800020705492
-3893.472213963998
-3885.156589376482
-3876.85314918234
-3868.561895635746
-3860.282831005766
-3852.015957576484
-3843.761277647128
-3835.518793532193
-3827.28850756157
-3819.070422080673
-3810.86453945057
-3802.670862048112
-3794.489392266067
-3786.320132513252
-3778.163085214671
-3770.018252811648
-3761.885637761966
-3753.76524254001
-3745.6570696369
-3737.561121560642
-3729.477400836266
-3721.405910005971
-3713.346651629278
-3705.299628283172
-3697.264842562253
-3689.242297078891
-3681.231994463377
-3673.233937364077
-3665.24812844759
-3657.274570398905
-3649.313265921562
-3641.364217737813
-3633.427428588787
-3625.502901234651
-3617.590638454784
-3609.690643047937
-3601.802917832411
-3593.927465646227
-3586.064289347298
-3578.213391813611
-3570.374775943399
-3562.548444655326
-3554.734400888666
-3546.932647603489
-3539.14318778085
-3531.366024422972
-3523.601160553439
-3515.848599217391
-3508.108343481717
-3500.380396435251
-3492.664761188972
-3484.961440876208
-3477.270438652838
-3469.591757697497
-3461.925401211787
-3454.271372420488
-3446.629674571769
-3439.000310937407
-3431.383284813004
-3423.778599518207
-3416.186258396934
-3408.606264817598
-3401.038622173336
-3393.483333882245
-3385.940403387607
-3378.409834158137
-3370.891629688214
-3363.385793498129
-3355.892329134326
-3348.411240169658
-3340.94253020363
-3333.486202862659
-3326.04226180033
-3318.610710697655
-3311.191553263342
-3303.784793234055
-3296.390434374691
-3289.008480478649
-3281.638935368109
-3274.281802894313
-3266.937086937848
-3259.604791408933
-3252.284920247709
-3244.977477424538
-3237.682466940295
-3230.399892826677
-3223.129759146502
-3215.872069994023
-3208.626829495239
-3201.394041808216
-3194.173711123404
-3186.965841663967
-3179.77043768611
-3172.587503479413
-3165.417043367171
-3158.259061706736
-3151.113562889864
-3143.980551343067
-3136.860031527968
-3129.752007941665
-3122.656485117093
-3115.573467623395
-3108.502960066301
-3101.444967088503
-3094.399493370044
-3087.366543628708
-3080.346122620414
-3073.33823513962
-3066.342886019725
-3059.360080133485
-3052.389822393428
-3045.432117752278
-3038.486971203385
-3031.554387781157
-3024.634372561503
-3017.72693066228
-3010.832067243744
-3003.949787509009
-2997.080096704515
-2990.223000120501
-2983.378503091479
-2976.546610996723
-2969.72732926076
-2962.920663353871
-2956.126618792594
-2949.34520114024
-2942.576416007416
-2935.820269052547
-2929.076765982419
-2922.345912552717
-2915.62771456858
-2908.92217788516
-2902.229308408189
-2895.549112094555
-2888.881594952889
-2882.226763044155
-2875.584622482253
-2868.955179434631
-2862.338440122903
-2855.734410823482
-2849.143097868215
-2842.564507645033
-2835.99864659861
-2829.445521231029
-2822.905138102464
-2816.377503831865
-2809.862625097661
-2803.360508638468
-2796.87116125381
-2790.394589804855
-2783.930801215153
-2777.479802471398
-2771.04160062419
-2764.61620278882
-2758.203616146056
-2751.803847942954
-2745.41690549367
-2739.042796180293
-2732.68152745369
-2726.333106834362
-2719.997541913315
-2713.67484035295
-2707.365009887958
-2701.068058326237
-2694.783993549824
-2688.512823515839
-2682.254556257448
-2676.009199884837
-2669.776762586212
-2663.557252628803
-2657.350678359896
-2651.157048207878
-2644.9763706833
-2638.808654379956
-2632.653907975986
-2626.512140234997
-2620.383360007194
-2614.267576230548
-2608.164797931967
-2602.075034228501
-2595.998294328559
-2589.934587533153
-2583.883923237164
-2577.846310930628
-2571.821760200045
-2565.810280729717
-2559.811882303104
-2553.826574804206
-2547.854368218977
-2541.895272636754
-2535.949298251722
-2530.0164553644
-2524.096754383159
-2518.190205825767
-2512.296820320963
-2506.416608610057
-2500.549581548572
-2494.695750107902
-2488.855125377016
-2483.027718564183
-2477.213540998741
-2471.412604132893
-2465.624919543542
-2459.850498934161
-2454.089354136701
-2448.341497113534
-2442.60693995944
-2436.88569490363
-2431.177774311811
-2425.483190688294
-2419.801956678141
-2414.134085069366
-2408.479588795167
-2402.838480936218
-2397.210774723001
-2391.596483538189
-2385.995620919079
-2380.408200560077
-2374.834236315236
-2369.27374220085
-2363.726732398097
-2358.193221255754
-2352.673223292951
-2347.166753202003
-2341.673825851298
-2336.194456288243
-2330.728659742287
-2325.276451628005
-2319.837847548249
-2314.412863297379
-2309.001514864561
-2303.603818437141
-2298.219790404103
-2292.849447359598
-2287.492806106562
-2282.149883660418
-2276.820697252866
-2271.505264335758
-2266.203602585074
-2260.915729904989
-2255.641664432034
-2250.381424539372
-2245.135028841164
-2239.90249619705
-2234.683845716745
-2229.479096764738
-2224.288268965126
-2219.111382206553
-2213.948456647287
-2208.799512720424
-2203.664571139225
-2198.543652902592
-2193.436779300689
-2188.343971920708
-2183.265252652796
-2178.200643696126
-2173.150167565149
-2168.113847095998
-2163.091705453082
-2158.083766135849
-2153.090052985743
-2148.110590193355
-2143.145402305769
-2138.194514234123
-2133.257951261381
-2128.335739050325
-2123.427903651788
-2118.534471513116
-2113.655469486884
-2108.790924839868
-2103.940865262287
-2099.105318877316
-2094.284314250894
-2089.477880401826
-2084.686046812199
-2079.908843438118
-2075.146300720778
-2070.398449597888
-2065.665321515448
-2060.946948439917
-2056.243362870759
-2051.55459785341
-2046.880686992661
-2042.22166446649
-2037.577565040354
-2032.948424081957
-2028.334277576531
-2023.735162142632
-2019.151115048483
-2014.58217422889
-2010.028378302753
-2005.489766591199
-2000.966379136365
-1996.458256720861
-1991.965440887947
-1987.487973962449
-1983.025899072461
-1978.57926017186
-1974.148102063677
-1969.732470424362
-1965.332411828998
-1960.947973777493
-1956.579204721817
-1952.226154094317
-1947.888872337191
-1943.567410933149
-1939.261822437355
-1934.972160510691
-1930.698479954427
-1926.440836746375
-1922.199288078596
-1917.973892396758
-1913.764709441223
-1909.571800289982
-1905.395227403518
-1901.235054671727
-1897.091347463009
-1892.964172675659
-1888.853598791698
-1884.759695933291
-1880.682535921906
-1876.622192340392
-1872.578740598157
-1868.552257999649
-1864.54282381634
-1860.550519362462
-1856.575428074729
-1852.617635596333
-1848.67722986548
-1844.75430120881
-1840.848942440033
-1836.961248964143
-1833.09131888765
-1829.239253135231
-1825.405155573323
-1821.58913314116
-1817.791295989842
-1814.011757630071
-1810.250635089247
-1806.50804907868
-1802.784124171777
-1799.078988994106
-1795.392776426384
-1791.725623821498
-1788.077673236835
-1784.449071683292
-1780.83997139253
-1777.250530104195
-1773.680911375025
-1770.131284912017
-1766.601826932062
-1763.092720550781
-1759.604156203631
-1756.136332102754
-1752.689454733501
-1749.263739395104
-1745.859410790609
-1742.476703671874
-1739.115863546354
-1735.777147453342
-1732.460824818593
-1729.167178397615
-1725.896505319668
-1722.649118246485
-1719.42534666221
-1716.225538314007
-1713.050060826383
-1709.899303516719
-1706.77367944493
-1703.673627736969
-1700.599616230359
-1697.552144500619
-1694.531747341028
-1691.538998785611
-1688.574516787799
-1685.638968696762
-1682.733077712584
-1679.857630553909
-1677.013486643065
-1674.201589212254
-1671.422978872187
-1668.678810384653
-1665.970373656715
-1663.299120468724
-1660.666698800395
-1658.074999168938
-1655.526212055275
-1653.022930902824
-1650.568195440739
-1648.166010923846
-1645.820244872374
-1643.540670303753
-1641.322651366898
-1639.226613523161
-1637.115878499149
-1635.496237830719
-1633.139957255177
-1632.526510171028
-1629.131531146043
-1629.046020076797
-1624.864866914564
-1624.85753542955
-1620.317258729673
-1620.316757620504
-1615.533689208497
-1615.53366002475
-1610.551798138299
-1610.55179664577
-1605.397242128077
-1605.397242059819
-1600.08822599913
-1600.088225996304
-1594.638399174558
-1594.638399174451
-1589.058435854174
-1589.05843585417
-1583.356949699817
-1583.356949699816
-1577.541061567205
-1577.541061567205
-1571.616772212147
-1571.616772212147
-1565.589218017829
-1565.589218017829
-1559.462852816696
-1559.462852816696
-1553.241581012678
-1553.241581012678
-1546.928857475408
-1546.928857475408
-1540.527764087716
-1540.527764087716
-1534.041069472567
-1534.041069472567
-1527.471276335532
-1527.471276335532
-1520.820659514326
-1520.820659514326
-1514.091296937574
-1514.091296937574
-1507.285095092102
-1507.285095092102
-1500.403810180324
-1500.403810180324
-1493.44906585436
-1493.44906585436
-1486.422368201426
-1486.422368201426
-1479.325118500293
-1479.325118500293
-1472.158624153937
-1472.158624153937
-1464.924108117488
-1464.924108117488
-1457.622717075284
-1457.622717075284
-1450.255528570683
-1450.255528570683
-1442.823557253414
-1442.823557253414
-1435.327760378796
-1435.327760378796
-1427.769042669141
-1427.769042669141
-1420.148260628505
-1420.148260628505
-1412.466226386617
-1412.466226386617
-1404.72371113542
-1404.72371113542
-1396.921448211566
-1396.921448211566
-1389.060135869986
-1389.060135869986
-1381.14043978683
-1381.14043978683
-1373.162995324501
-1373.162995324501
-1365.128409586777
-1365.128409586777
-1357.037263288169
-1357.037263288169
-1348.890112458332
-1348.890112458332
-1340.6874899996
-1340.6874899996
-1332.429907113365
-1332.429907113365
-1324.117854609022
-1324.117854609022
-1315.751804107512
-1315.751804107512
-1307.332209149993
-1307.332209149993
-1298.859506220978
-1298.859506220978
-1290.334115694125
-1290.334115694125
-1281.756442707983
-1281.756442707983
-1273.126877978135
-1273.126877978135
-1264.44579855152
-1264.44579855152
-1255.713568508039
-1255.713568508039
-1246.930539614059
-1246.930539614059
-1238.097051931922
-1238.097051931922
-1229.213434389148
-1229.213434389148
-1220.280005310669
-1220.280005310669
-1211.297072917091
-1211.297072917091
-1202.264935791676
-1202.264935791676
-1193.18388331852
-1193.18388331852
-1184.054196094131
-1184.054196094131
-1174.876146314422
-1174.876146314422
-1165.649998138973
-1165.649998138973
-1156.376008034208
-1156.376008034208
-1147.05442509703
-1147.05442509703
-1137.685491360291
-1137.685491360291
-1128.269442081394
-1128.269442081394
-1118.806506015162
-1118.806506015162
-1109.296905672073
-1109.296905672073
-1099.740857562828
-1099.740857562828
-1090.138572430166
-1090.138572430166
-1080.490255468749
-1080.490255468749
-1070.796106533894
-1070.796106533894
-1061.05632033985
-1061.05632033985
-1051.271086648293
-1051.271086648293
-1041.440590447618
-1041.440590447618
-1031.565012123614
-1031.565012123614
-1021.644527622028
-1021.644527622028
-1011.679308603497
-1011.679308603497
-1001.669522591316
-1001.669522591316
-991.615333112429
-991.615333112429
-981.5168998320548
-981.5168998320548
-971.3743786822984
-971.3743786822984
-961.1879219850833
-961.1879219850833
-950.9576785697213
-950.9576785697213
-940.6837938854119
-940.6837938854119
-930.3664101089456
-930.3664101089456
-920.0056662478659
-920.0056662478659
-909.6016982393308
-909.6016982393308
-899.154639044898
-899.154639044898
-888.6646187414436
-888.6646187414436
-878.1317646084128
-878.1317646084128
-867.5562012115871
-867.5562012115871
-856.938050483542
-856.938050483542
-846.2774318009592
-846.2774318009592
-835.5744620589477
-835.5744620589477
-824.829255742517
-824.829255742517
-814.0419249953408
-814.0419249953408
-803.2125796859387
-803.2125796859387
-792.3413274713971
-781.4282738587448
-770.4735222640894
-759.4771740696191
-748.4393286785643
-737.3600835682107
-726.2395343410513
-715.0777747741579
-703.8748968668498
-692.6309908867334
-681.346145414182
-670.0204473853218
-658.6539821335872
-647.2468334299046
-635.7990835215604
-624.3108131698089
-612.7821016862691
-601.2130269681609
-589.6036655324247
-577.9540925487712
-566.2643818717009
-554.5346060715346
-542.764836464493
-530.955143141861
-519.1055949982724
-507.2162597591469
-495.2872040073122
-483.318493208841
-471.3101917381309
-459.2623629022558
-447.1750689646158
-435.0483711679079
-422.8823297564457
-410.6770039978476
-398.432452204118
-386.1487317521414
-373.8258991036103
-361.4640098244057
-349.0631186034506
-336.6232792710515
-324.1445448167475
-311.6269674066831
-299.070598400519
-286.4754883678977
-273.8416871044783
-261.1692436475531
-248.4582062912618
-235.7086226014134
-222.9205394299313
-210.0940029289306
-197.2290585644417
-184.3257511297896
-171.38412475864
-158.4042229377224
-145.386088519241
-132.3297637329815
-119.2352901981234
-106.1027089347677
-92.93206037518705
-79.72338437480733
-66.47672022292873
-53.19210665319339
-39.86958185380749
-26.50918347752468
-13.11094865139779
0.3250860136946407
13.79888441374048
27.31041094249862
40.85963048261018
54.44650839691043
68.07101051993588
81.73310314962121
95.43275303918068
109.1699273891691
122.9445938397172
136.7567204629377
150.6062757554954
164.4932286313394
178.4175484145911
192.3792048325854
206.37816800906
220.4144084574889
234.4878970745575
248.5986051337743
262.7465042792166
276.9315665194061
291.1537642213114
305.4130701044745
319.7094572352578
334.0428990212077
348.4133692055345
362.8208418617022
377.2652913881287
391.7466925029914
406.2650202391368
420.8202499390914
435.4123572501709
450.0413181196858
464.7071087902415
479.4097057951296
494.1490859538088
508.9252263674732
523.7381044147067
538.5876977472197
553.4739842856679
568.3969422155504
583.3565499831857
598.3527862917633
613.3856300974695
628.4550606056862
643.5610572672594
658.7035997748382
673.8826680592804
689.098242286125
704.3503028521288
719.6388303818666
734.9638057243927
750.3252099499637
765.7230243468196
781.1572304180231
796.6278098783556