-1164.438233375697
-1155.070466439681
-1145.751278984825
-1136.480693503079
-1127.258733022976
-1118.085421125452
-1108.960781960225
-1099.884840262782
-1090.857621371973
-1081.879151248253
-1072.949456492607
-1064.068564366168
-1055.236502810583
-1046.453300469145
-1037.718986708726
-1029.033591642569
-1020.397146153942
-1011.809681920739
-1003.271231441032
-994.7818280596461
-986.3415059958051
-977.9503003718829
-969.6082472433362
-961.3153836298643
-953.0717475478645
-944.8773780442451
-936.7323152316692
-928.636600325301
-920.5902756811366
-912.593384836
-904.6459725492974
-896.7480848466218
-888.8997690653126
-881.101073902076
-873.3520494627836
-865.6527473145728
-858.003220540379
-850.4035237960443
-842.8537133701513
-835.3538472467445
-827.9039851711153
-820.5041887188341
-813.1545213682319
-805.8550485765469
-798.6058378599672
-791.4069588778194
-784.2584835211739
-777.1604860061551
-770.1130429722733
-763.1162335861158
-756.1701396507654
-749.2748457213456
-742.4304392271237
-735.6370106006423
-728.8946534143884
-722.2034645255587
-715.5635442295242
-708.9749964226588
-702.4379287752528
-695.9524529153044
-689.5186846240566
-683.1367440442322
-676.8067559020129
-670.5288497439178
-664.3031601898499
-658.1298272037173
-652.0089963831822
-645.9408192702594
-639.9254536846798
-633.963064082144
-628.0538219398408
-622.1979061718812
-616.3955035776132
-610.6468093261475
-604.9520274808386
-599.3113715679376
-593.725065194189
-588.1933427187706
-582.7164499857156
-577.2946451238092
-571.9281994219487
-566.6173982891279
-561.3625423095772
-556.163948405215
-551.0219511194883
-545.9369040389692
-540.9091813718119
-535.9391797054645
-531.0273199700095
-526.1740496383313
-521.3798452002159
-516.6452149547415
-511.9707021743
-507.3568887047805
-502.8043990805037
-498.3139052502842
-493.8861320337186
-489.5218634560792
-485.2219501483159
-480.9873180488525
-476.8189787107159
-472.7180416077536
-468.6857289572151
-464.7233937477674
-460.8325419051824
-457.0148598789165
-453.2722494508142
-449.6068723496346
-446.0212084829792
-442.5181334938163
-439.1010251364189
-435.7739100442615
-432.5416984541446
-429.4104099941599
-426.3883634633498
-423.4834816048799
-420.7243581559147
-418.0729273259659
-415.8255653704249
-413.1596805696572
-412.2239738835952
-408.3014109031753
-408.198761127809
-402.9991325222475
-402.9940893160685
-397.1923789918455
-397.1922108999642
-390.9636487578385
-390.9636445494066
-384.3749426076012
-384.3749425249036
-377.4665384417011
-377.4665384403933
-370.2665513338593
-370.2665513338424
-362.795855958924
-362.7958559589238
-355.0706370872005
-355.0706370872005
-347.1038466038129
-347.1038466038129
-338.9061025615397
-338.9061025615397
-330.4862770816641
-330.4862770816641
-321.8518985581313
-321.8518985581313
-313.0094369819582
-313.0094369819582
-303.9645124724901
-303.9645124724901
-294.7220515323815
-294.7220515323815
-285.2864066389842
-285.2864066389842
-275.6614494593815
-275.6614494593815
-265.8506446681577
-265.8506446681577
-255.8571092239848
-255.8571092239848
-245.6836605595758
-245.6836605595758
-235.3328561910594
-235.3328561910594
-224.8070265966781
-224.8070265966781
-214.1083027518172
-214.1083027518172
-203.2386393750184
-203.2386393750184
-192.1998346971969
-180.9935473868621
-169.6213111296113
-158.0845472580698
-146.3845757501087
-134.5226248524441
-122.4998395391961
-110.3172889774723
-97.97597314218269
-85.47682869834778
-72.82073424982513
-60.00851503765438
-47.04094715835724
-33.91876136194108
-20.64264648059346
-7.213252531765207
6.368806466754239
20.10294993728475
33.98862841006148
48.02532139389344
62.2125354282828
76.54980229827208
91.0366773955654
105.6727382114305
120.45758294858
135.3908292406942
150.4721129695217
165.7010871705992
181.0774210196011
196.6007988921768