-3.849756785624518
-3.8491685503304
-3.848580315036283
-3.847992079742165
-3.847403844448047
-3.84681560915393
-3.846227373859812
-3.845639138565694
-3.845050903271577
-3.844462667977459
-3.843874432683342
-3.843286197389224
-3.842697962095106
-3.842109726800989
-3.841521491506871
-3.840933256212753
-3.840345020918636
-3.839756785624518
-3.8391685503304
-3.838580315036283
-3.837992079742165
-3.837403844448047
-3.83681560915393
-3.836227373859812
-3.835639138565694
-3.835050903271577
-3.834462667977459
-3.833874432683342
-3.833286197389224
-3.832697962095106
-3.832109726800989
-3.831521491506871
-3.830933256212753
-3.830345020918636
-3.829756785624518
-3.829756785624518
-3.8291685503304
-3.828580315036283
-3.827992079742165
-3.827403844448047
-3.82681560915393
-3.826227373859812
-3.825639138565694
-3.825050903271577
-3.824462667977459
-3.823874432683342
-3.823286197389224
-3.822697962095106
-3.822109726800989
-3.821521491506871
-3.820933256212753
-3.820345020918636
-3.819756785624518
-3.8191685503304
-3.818580315036283
-3.817992079742165
-3.817403844448047
-3.81681560915393
-3.816227373859812
-3.815639138565694
-3.815050903271577
-3.814462667977459
-3.813874432683342
-3.813286197389224
-3.812697962095106
-3.812109726800989
-3.811521491506871
-3.810933256212753
-3.810345020918636
-3.809756785624518