-3.831756785624518
-3.831697962095106
-3.831639138565694
-3.831580315036283
-3.831521491506871
-3.831462667977459
-3.831403844448047
-3.831345020918636
-3.831286197389224
-3.831227373859812
-3.8311685503304
-3.831109726800989
-3.831050903271577
-3.830992079742165
-3.830933256212753
-3.830874432683342
-3.83081560915393
-3.830756785624518
-3.830697962095106
-3.830639138565694
-3.830580315036283
-3.830521491506871
-3.830462667977459
-3.830403844448047
-3.830345020918636
-3.830286197389224
-3.830227373859812
-3.8301685503304
-3.830109726800989
-3.830050903271577
-3.829992079742165
-3.829933256212753
-3.829874432683342
-3.82981560915393
-3.829756785624518
-3.829756785624518
-3.829697962095106
-3.829639138565694
-3.829580315036283
-3.829521491506871
-3.829462667977459
-3.829403844448047
-3.829345020918636
-3.829286197389224
-3.829227373859812
-3.8291685503304
-3.829109726800989
-3.829050903271577
-3.828992079742165
-3.828933256212753
-3.828874432683342
-3.82881560915393
-3.828756785624518
-3.828697962095106
-3.828639138565694
-3.828580315036283
-3.828521491506871
-3.828462667977459
-3.828403844448047
-3.828345020918636
-3.828286197389224
-3.828227373859812
-3.8281685503304
-3.828109726800989
-3.828050903271577
-3.827992079742165
-3.827933256212753
-3.827874432683342
-3.82781560915393
-3.827756785624518