-3.829796785624518
-3.82979560915393
-3.829794432683342
-3.829793256212753
-3.829792079742165
-3.829790903271577
-3.829789726800989
-3.8297885503304
-3.829787373859812
-3.829786197389224
-3.829785020918636
-3.829783844448047
-3.829782667977459
-3.829781491506871
-3.829780315036283
-3.829779138565694
-3.829777962095106
-3.829776785624518
-3.82977560915393
-3.829774432683342
-3.829773256212753
-3.829772079742165
-3.829770903271577
-3.829769726800989
-3.8297685503304
-3.829767373859812
-3.829766197389224
-3.829765020918636
-3.829763844448047
-3.829762667977459
-3.829761491506871
-3.829760315036283
-3.829759138565694
-3.829757962095106
-3.829756785624518
-3.829756785624518
-3.82975560915393
-3.829754432683342
-3.829753256212753
-3.829752079742165
-3.829750903271577
-3.829749726800989
-3.8297485503304
-3.829747373859812
-3.829746197389224
-3.829745020918636
-3.829743844448047
-3.829742667977459
-3.829741491506871
-3.829740315036283
-3.829739138565694
-3.829737962095106
-3.829736785624518
-3.82973560915393
-3.829734432683342
-3.829733256212753
-3.829732079742165
-3.829730903271577
-3.829729726800989
-3.8297285503304
-3.829727373859812
-3.829726197389224
-3.829725020918636
-3.829723844448047
-3.829722667977459
-3.829721491506871
-3.829720315036283
-3.829719138565694
-3.829717962095106
-3.829716785624518