-3.829757485624518
-3.829757465036283
-3.829757444448047
-3.829757423859812
-3.829757403271577
-3.829757382683342
-3.829757362095106
-3.829757341506871
-3.829757320918636
-3.8297573003304
-3.829757279742165
-3.82975725915393
-3.829757238565694
-3.829757217977459
-3.829757197389224
-3.829757176800989
-3.829757156212753
-3.829757135624518
-3.829757115036283
-3.829757094448047
-3.829757073859812
-3.829757053271577
-3.829757032683342
-3.829757012095106
-3.829756991506871
-3.829756970918636
-3.8297569503304
-3.829756929742165
-3.82975690915393
-3.829756888565694
-3.829756867977459
-3.829756847389224
-3.829756826800989
-3.829756806212753
-3.829756785624518
-3.829756785624518
-3.829756765036283
-3.829756744448047
-3.829756723859812
-3.829756703271577
-3.829756682683342
-3.829756662095106
-3.829756641506871
-3.829756620918636
-3.8297566003304
-3.829756579742165
-3.82975655915393
-3.829756538565694
-3.829756517977459
-3.829756497389224
-3.829756476800989
-3.829756456212753
-3.829756435624518
-3.829756415036283
-3.829756394448047
-3.829756373859812
-3.829756353271577
-3.829756332683342
-3.829756312095106
-3.829756291506871
-3.829756270918636
-3.8297562503304
-3.829756229742165
-3.82975620915393
-3.829756188565694
-3.829756167977459
-3.829756147389224
-3.829756126800989
-3.829756106212753
-3.829756085624518