-3.829756795624518
-3.8297567953304
-3.829756795036283
-3.829756794742165
-3.829756794448047
-3.82975679415393
-3.829756793859812
-3.829756793565694
-3.829756793271577
-3.829756792977459
-3.829756792683342
-3.829756792389224
-3.829756792095106
-3.829756791800989
-3.829756791506871
-3.829756791212753
-3.829756790918636
-3.829756790624518
-3.8297567903304
-3.829756790036283
-3.829756789742165
-3.829756789448047
-3.82975678915393
-3.829756788859812
-3.829756788565694
-3.829756788271577
-3.829756787977459
-3.829756787683342
-3.829756787389224
-3.829756787095106
-3.829756786800989
-3.829756786506871
-3.829756786212753
-3.829756785918636
-3.829756785624518
-3.829756785624518
-3.8297567853304
-3.829756785036283
-3.829756784742165
-3.829756784448047
-3.82975678415393
-3.829756783859812
-3.829756783565694
-3.829756783271577
-3.829756782977459
-3.829756782683342
-3.829756782389224
-3.829756782095106
-3.829756781800989
-3.829756781506871
-3.829756781212753
-3.829756780918636
-3.829756780624518
-3.8297567803304
-3.829756780036283
-3.829756779742165
-3.829756779448047
-3.82975677915393
-3.829756778859812
-3.829756778565694
-3.829756778271577
-3.829756777977459
-3.829756777683342
-3.829756777389224
-3.829756777095106
-3.829756776800989
-3.829756776506871
-3.829756776212753
-3.829756775918636
-3.829756775624518