-3.829756785654518
-3.829756785653636
-3.829756785652753
-3.829756785651871
-3.829756785650989
-3.829756785650106
-3.829756785649224
-3.829756785648342
-3.829756785647459
-3.829756785646577
-3.829756785645694
-3.829756785644812
-3.82975678564393
-3.829756785643047
-3.829756785642165
-3.829756785641283
-3.8297567856404
-3.829756785639518
-3.829756785638636
-3.829756785637753
-3.829756785636871
-3.829756785635989
-3.829756785635106
-3.829756785634224
-3.829756785633342
-3.829756785632459
-3.829756785631577
-3.829756785630694
-3.829756785629812
-3.82975678562893
-3.829756785628047
-3.829756785627165
-3.829756785626283
-3.8297567856254
-3.829756785624518
-3.829756785624518
-3.829756785623636
-3.829756785622753
-3.829756785621871
-3.829756785620989
-3.829756785620106
-3.829756785619224
-3.829756785618342
-3.829756785617459
-3.829756785616577
-3.829756785615694
-3.829756785614812
-3.82975678561393
-3.829756785613047
-3.829756785612165
-3.829756785611283
-3.8297567856104
-3.829756785609518
-3.829756785608636
-3.829756785607753
-3.829756785606871
-3.829756785605989
-3.829756785605106
-3.829756785604224
-3.829756785603342
-3.829756785602459
-3.829756785601577
-3.829756785600694
-3.829756785599812
-3.82975678559893
-3.829756785598047
-3.829756785597165
-3.829756785596283
-3.8297567855954
-3.829756785594518