-3.829756785624618
-3.829756785624615
-3.829756785624612
-3.829756785624609
-3.829756785624606
-3.829756785624603
-3.8297567856246
-3.829756785624597
-3.829756785624594
-3.829756785624592
-3.829756785624589
-3.829756785624586
-3.829756785624583
-3.82975678562458
-3.829756785624577
-3.829756785624574
-3.829756785624571
-3.829756785624568
-3.829756785624565
-3.829756785624562
-3.829756785624559
-3.829756785624556
-3.829756785624553
-3.82975678562455
-3.829756785624547
-3.829756785624544
-3.829756785624542
-3.829756785624539
-3.829756785624536
-3.829756785624533
-3.82975678562453
-3.829756785624527
-3.829756785624524
-3.829756785624521
-3.829756785624518
-3.829756785624518
-3.829756785624515
-3.829756785624512
-3.829756785624509
-3.829756785624506
-3.829756785624503
-3.8297567856245
-3.829756785624497
-3.829756785624494
-3.829756785624492
-3.829756785624489
-3.829756785624486
-3.829756785624483
-3.82975678562448
-3.829756785624477
-3.829756785624474
-3.829756785624471
-3.829756785624468
-3.829756785624465
-3.829756785624462
-3.829756785624459
-3.829756785624456
-3.829756785624453
-3.82975678562445
-3.829756785624447
-3.829756785624444
-3.829756785624442
-3.829756785624439
-3.829756785624436
-3.829756785624433
-3.82975678562443
-3.829756785624427
-3.829756785624424
-3.829756785624421
-3.829756785624418