-4.10331088
-4.1033108784
-4.1033108768
-4.1033108752
-4.1033108736
-4.103310872
-4.1033108704
-4.1033108688
-4.1033108672
-4.1033108656
-4.103310864
-4.1033108624
-4.1033108608
-4.1033108592
-4.1033108576
-4.103310856
-4.1033108544
-4.1033108528
-4.1033108512
-4.1033108496
-4.103310848
-4.1033108464
-4.1033108448
-4.1033108432
-4.103310841740555
-4.1033108416
-4.10331084
-4.1033108384
-4.1033108368
-4.1033108352
-4.1033108336
-4.103310832
-4.1033108304
-4.1033108288
-4.1033108272
-4.1033108256
-4.103310824
-4.1033108224
-4.1033108208
-4.1033108192
-4.1033108176
-4.103310816
-4.1033108144
-4.1033108128
-4.1033108112
-4.1033108096
-4.103310808
-4.1033108064
-4.1033108048
-4.1033108032
-4.1033108016
-4.1033108