-4.13
-4.129264705882353
-4.128529411764706
-4.127794117647059
-4.127058823529412
-4.126323529411765
-4.125588235294118
-4.124852941176471
-4.124117647058824
-4.123382352941176
-4.122647058823529
-4.121911764705882
-4.121176470588235
-4.120441176470588
-4.119705882352941
-4.118970588235294
-4.118235294117647
-4.1175
-4.116764705882353
-4.116029411764706
-4.115294117647059
-4.114558823529412
-4.113823529411765
-4.113088235294118
-4.112352941176471
-4.111617647058824
-4.110882352941176
-4.110147058823529
-4.109411764705882
-4.108676470588235
-4.107941176470588
-4.107205882352941
-4.106470588235294
-4.105735294117647
-4.105
-4.104264705882353
-4.103529411764706
-4.103310841740555
-4.102794117647059
-4.102058823529412
-4.101323529411765
-4.100588235294118
-4.099852941176471
-4.099117647058824
-4.098382352941176
-4.097647058823529
-4.096911764705882
-4.096176470588235
-4.095441176470588
-4.094705882352941
-4.093970588235294
-4.093235294117647
-4.0925
-4.091764705882353
-4.091029411764706
-4.090294117647059
-4.089558823529412
-4.088823529411765
-4.088088235294118
-4.087352941176471
-4.086617647058824
-4.085882352941176
-4.085147058823529
-4.084411764705882
-4.083676470588235
-4.082941176470588
-4.082205882352941
-4.081470588235294
-4.080735294117647
-4.08