-4.105
-4.104955882352941
-4.104911764705882
-4.104867647058824
-4.104823529411765
-4.104779411764706
-4.104735294117647
-4.104691176470588
-4.104647058823529
-4.104602941176471
-4.104558823529412
-4.104514705882353
-4.104470588235294
-4.104426470588235
-4.104382352941176
-4.104338235294118
-4.104294117647059
-4.10425
-4.104205882352941
-4.104161764705882
-4.104117647058824
-4.104073529411765
-4.104029411764706
-4.103985294117647
-4.103941176470588
-4.103897058823529
-4.103852941176471
-4.103808823529412
-4.103764705882353
-4.103720588235294
-4.103676470588235
-4.103632352941176
-4.103588235294118
-4.103544117647059
-4.1035
-4.103455882352941
-4.103411764705882
-4.103367647058824
-4.103323529411765
-4.103310841740555
-4.103279411764706
-4.103235294117647
-4.103191176470588
-4.103147058823529
-4.103102941176471
-4.103058823529412
-4.103014705882353
-4.102970588235294
-4.102926470588235
-4.102882352941176
-4.102838235294118
-4.102794117647059
-4.10275
-4.102705882352941
-4.102661764705882
-4.102617647058824
-4.102573529411765
-4.102529411764706
-4.102485294117647
-4.102441176470588
-4.102397058823529
-4.102352941176471
-4.102308823529412
-4.102264705882353
-4.102220588235294
-4.102176470588235
-4.102132352941176
-4.102088235294118
-4.102044117647059
-4.102