-4.10335
-4.103348823529412
-4.103347647058824
-4.103346470588235
-4.103345294117647
-4.103344117647059
-4.103342941176471
-4.103341764705882
-4.103340588235294
-4.103339411764706
-4.103338235294118
-4.103337058823529
-4.103335882352941
-4.103334705882353
-4.103333529411765
-4.103332352941176
-4.103331176470588
-4.10333
-4.103328823529412
-4.103327647058824
-4.103326470588235
-4.103325294117647
-4.103324117647059
-4.103322941176471
-4.103321764705882
-4.103320588235294
-4.103319411764706
-4.103318235294118
-4.103317058823529
-4.103315882352941
-4.103314705882353
-4.103313529411765
-4.103312352941176
-4.103311176470588
-4.103310841740555
-4.10331
-4.103308823529412
-4.103307647058824
-4.103306470588235
-4.103305294117647
-4.103304117647059
-4.103302941176471
-4.103301764705882
-4.103300588235294
-4.103299411764706
-4.103298235294118
-4.103297058823529
-4.103295882352941
-4.103294705882353
-4.103293529411765
-4.103292352941176
-4.103291176470588
-4.10329
-4.103288823529412
-4.103287647058824
-4.103286470588235
-4.103285294117647
-4.103284117647059
-4.103282941176471
-4.103281764705882
-4.103280588235294
-4.103279411764706
-4.103278235294118
-4.103277058823529
-4.103275882352941
-4.103274705882353
-4.103273529411765
-4.103272352941176
-4.103271176470588
-4.10327