-4.1033115
-4.103311477941176
-4.103311455882353
-4.103311433823529
-4.103311411764706
-4.103311389705882
-4.103311367647059
-4.103311345588235
-4.103311323529412
-4.103311301470588
-4.103311279411765
-4.103311257352941
-4.103311235294118
-4.103311213235294
-4.103311191176471
-4.103311169117647
-4.103311147058824
-4.103311125
-4.103311102941176
-4.103311080882353
-4.103311058823529
-4.103311036764706
-4.103311014705882
-4.103310992647059
-4.103310970588235
-4.103310948529412
-4.103310926470588
-4.103310904411765
-4.103310882352941
-4.103310860294118
-4.103310841740555
-4.103310838235294
-4.103310816176471
-4.103310794117647
-4.103310772058824
-4.10331075
-4.103310727941176
-4.103310705882353
-4.103310683823529
-4.103310661764706
-4.103310639705882
-4.103310617647059
-4.103310595588235
-4.103310573529412
-4.103310551470588
-4.103310529411765
-4.103310507352941
-4.103310485294118
-4.103310463235294
-4.103310441176471
-4.103310419117647
-4.103310397058824
-4.103310375
-4.103310352941176
-4.103310330882353
-4.103310308823529
-4.103310286764706
-4.103310264705882
-4.103310242647059
-4.103310220588235
-4.103310198529412
-4.103310176470588
-4.103310154411765
-4.103310132352941
-4.103310110294118
-4.103310088235294
-4.103310066176471
-4.103310044117647
-4.103310022058824
-4.10331