-4.103310845
-4.103310844919118
-4.103310844838235
-4.103310844757353
-4.103310844676471
-4.103310844595588
-4.103310844514706
-4.103310844433824
-4.103310844352941
-4.103310844272059
-4.103310844191176
-4.103310844110294
-4.103310844029412
-4.103310843948529
-4.103310843867647
-4.103310843786765
-4.103310843705882
-4.103310843625
-4.103310843544118
-4.103310843463235
-4.103310843382353
-4.103310843301471
-4.103310843220588
-4.103310843139706
-4.103310843058824
-4.103310842977941
-4.103310842897059
-4.103310842816176
-4.103310842735294
-4.103310842654412
-4.103310842573529
-4.103310842492647
-4.103310842411765
-4.103310842330882
-4.10331084225
-4.103310842169118
-4.103310842088235
-4.103310842007353
-4.103310841926471
-4.103310841845588
-4.103310841764706
-4.103310841740555
-4.103310841683824
-4.103310841602941
-4.103310841522059
-4.103310841441176
-4.103310841360294
-4.103310841279412
-4.103310841198529
-4.103310841117647
-4.103310841036765
-4.103310840955882
-4.103310840875
-4.103310840794118
-4.103310840713235
-4.103310840632353
-4.103310840551471
-4.103310840470588
-4.103310840389706
-4.103310840308824
-4.103310840227941
-4.103310840147059
-4.103310840066176
-4.103310839985294
-4.103310839904412
-4.103310839823529
-4.103310839742647
-4.103310839661765
-4.103310839580882
-4.1033108395