-4.10331084177
-4.103310841769118
-4.103310841768235
-4.103310841767353
-4.103310841766471
-4.103310841765588
-4.103310841764706
-4.103310841763824
-4.103310841762941
-4.103310841762059
-4.103310841761176
-4.103310841760294
-4.103310841759412
-4.103310841758529
-4.103310841757647
-4.103310841756765
-4.103310841755882
-4.103310841755
-4.103310841754118
-4.103310841753235
-4.103310841752353
-4.103310841751471
-4.103310841750588
-4.103310841749706
-4.103310841748824
-4.103310841747941
-4.103310841747059
-4.103310841746176
-4.103310841745294
-4.103310841744412
-4.103310841743529
-4.103310841742647
-4.103310841741765
-4.103310841740882
-4.103310841740555
-4.10331084174
-4.103310841739118
-4.103310841738235
-4.103310841737353
-4.103310841736471
-4.103310841735588
-4.103310841734706
-4.103310841733824
-4.103310841732941
-4.103310841732059
-4.103310841731176
-4.103310841730294
-4.103310841729412
-4.103310841728529
-4.103310841727647
-4.103310841726765
-4.103310841725882
-4.103310841725
-4.103310841724118
-4.103310841723235
-4.103310841722353
-4.103310841721471
-4.103310841720588
-4.103310841719706
-4.103310841718824
-4.103310841717941
-4.103310841717059
-4.103310841716176
-4.103310841715294
-4.103310841714412
-4.103310841713529
-4.103310841712647
-4.103310841711765
-4.103310841710882
-4.10331084171