-4.10331084174065
-4.103310841740647
-4.103310841740644
-4.103310841740641
-4.103310841740638
-4.103310841740635
-4.103310841740632
-4.103310841740629
-4.103310841740626
-4.103310841740624
-4.103310841740621
-4.103310841740618
-4.103310841740615
-4.103310841740612
-4.103310841740609
-4.103310841740606
-4.103310841740603
-4.1033108417406
-4.103310841740597
-4.103310841740594
-4.103310841740591
-4.103310841740588
-4.103310841740585
-4.103310841740582
-4.103310841740579
-4.103310841740576
-4.103310841740574
-4.103310841740571
-4.103310841740568
-4.103310841740565
-4.103310841740562
-4.103310841740559
-4.103310841740556
-4.103310841740555
-4.103310841740553
-4.10331084174055
-4.103310841740547
-4.103310841740544
-4.103310841740541
-4.103310841740538
-4.103310841740535
-4.103310841740532
-4.103310841740529
-4.103310841740526
-4.103310841740524
-4.103310841740521
-4.103310841740518
-4.103310841740515
-4.103310841740512
-4.103310841740509
-4.103310841740506
-4.103310841740503
-4.1033108417405
-4.103310841740497
-4.103310841740494
-4.103310841740491
-4.103310841740488
-4.103310841740485
-4.103310841740482
-4.103310841740479
-4.103310841740476
-4.103310841740474
-4.103310841740471
-4.103310841740468
-4.103310841740465
-4.103310841740462
-4.103310841740459
-4.103310841740456
-4.103310841740453
-4.10331084174045