-4.10331084174056
-4.1033108417405598529
-4.1033108417405597059
-4.1033108417405595588
-4.1033108417405594118
-4.1033108417405592647
-4.1033108417405591176
-4.1033108417405589706
-4.1033108417405588235
-4.1033108417405586765
-4.1033108417405585294
-4.1033108417405583824
-4.1033108417405582353
-4.1033108417405580882
-4.1033108417405579412
-4.1033108417405577941
-4.1033108417405576471
-4.1033108417405575
-4.1033108417405573529
-4.1033108417405572059
-4.1033108417405570588
-4.1033108417405569118
-4.1033108417405567647
-4.1033108417405566176
-4.1033108417405564706
-4.1033108417405563235
-4.1033108417405561765
-4.1033108417405560294
-4.1033108417405558824
-4.1033108417405557353
-4.1033108417405555882
-4.1033108417405554412
-4.1033108417405552941
-4.1033108417405551471
-4.103310841740555
-4.1033108417405548529
-4.1033108417405547059
-4.1033108417405545588
-4.1033108417405545406
-4.1033108417405544118
-4.1033108417405542647
-4.1033108417405541176
-4.1033108417405539706
-4.1033108417405538235
-4.1033108417405536765
-4.1033108417405535294
-4.1033108417405533824
-4.1033108417405532353
-4.1033108417405530882
-4.1033108417405529412
-4.1033108417405527941
-4.1033108417405526471
-4.1033108417405525
-4.1033108417405523529
-4.1033108417405522059
-4.1033108417405520588
-4.1033108417405519118
-4.1033108417405517647
-4.1033108417405516176
-4.1033108417405514706
-4.1033108417405513235
-4.1033108417405511765
-4.1033108417405510294
-4.1033108417405508824
-4.1033108417405507353
-4.1033108417405505882
-4.1033108417405504412
-4.1033108417405502941
-4.1033108417405501471
-4.10331084174055