-5779.927844750659
-5770.602797318579
-5761.287397719051
-5751.98164681936
-5742.685545490849
-5733.399094608944
-5724.122295053177
-5714.855147707208
-5705.597653458852
-5696.349813200101
-5687.111627827149
-5677.883098240414
-5668.664225344566
-5659.45501004855
-5650.25545326561
-5641.065555913316
-5631.885318913585
-5622.714743192714
-5613.553829681399
-5604.40257931476
-5595.260993032374
-5586.129071778294
-5577.006816501079
-5567.894228153819
-5558.791307694162
-5549.698056084341
-5540.614474291203
-5531.540563286231
-5522.476324045577
-5513.421757550086
-5504.376864785326
-5495.341646741615
-5486.316104414048
-5477.30023880253
-5468.294050911798
-5459.297541751455
-5450.310712335998
-5441.333563684845
-5432.366096822367
-5423.408312777917
-5414.460212585859
-5405.5217972856
-5396.593067921617
-5387.674025543493
-5378.764671205942
-5369.865005968843
-5360.975030897271
-5352.094747061529
-5343.224155537179
-5334.363257405073
-5325.512053751386
-5316.67054566765
-5307.838734250785
-5299.01662060313
-5290.204205832482
-5281.401491052123
-5272.608477380857
-5263.825165943043
-5255.051557868631
-5246.287654293193
-5237.53345635796
-5228.788965209857
-5220.054182001537
-5211.329107891418
-5202.613744043718
-5193.908091628489
-5185.212151821656
-5176.525925805055
-5167.849414766464
-5159.182619899646
-5150.525542404383
-5141.878183486515
-5133.240544357978
-5124.612626236841
-5115.994430347347
-5107.385957919949
-5098.787210191351
-5090.198188404548
-5081.618893808863
-5073.04932765999
-5064.489491220033
-5055.939385757546
-5047.399012547577
-5038.868372871705
-5030.347468018085
-5021.83629928149
-5013.334867963349
-5004.843175371796
-4996.361222821709
-4987.889011634754
-4979.426543139427
-4970.973818671103
-4962.530839572076
-4954.097607191604
-4945.674122885956
-4937.260388018455
-4928.856403959528
-4920.462172086746
-4912.077693784875
-4903.702970445924
-4895.338003469187
-4886.982794261296
-4878.637344236264
-4870.301654815538
-4861.975727428046
-4853.659563510247
-4845.353164506176
-4837.056531867503
-4828.769667053575
-4820.49257153147
-4812.225246776049
-4803.967694270008
-4795.719915503927
-4787.481911976326
-4779.253685193717
-4771.035236670655
-4762.826567929796
-4754.627680501948
-4746.438575926126
-4738.259255749609
-4730.089721527994
-4721.929974825255
-4713.780017213793
-4705.639850274502
-4697.509475596818
-4689.388894778783
-4681.278109427101
-4673.177121157197
-4665.085931593279
-4657.004542368392
-4648.932955124485
-4640.871171512469
-4632.81919319228
-4624.777021832937
-4616.74465911261
-4608.722106718681
-4600.709366347806
-4592.706439705982
-4584.713328508608
-4576.730034480556
-4568.756559356231
-4560.792904879641
-4552.839072804464
-4544.895064894113
-4536.960882921808
-4529.036528670641
-4521.122003933648
-4513.217310513879
-4505.322450224467
-4497.437424888698
-4489.56223634009
-4481.696886422457
-4473.841376989985
-4465.995709907309
-4458.159887049584
-4450.333910302561
-4442.517781562663
-4434.711502737061
-4426.915075743752
-4419.128502511637
-4411.351784980597
-4403.584925101577
-4395.82792483666
-4388.080786159154
-4380.34351105367
-4372.616101516201
-4364.898559554214
-4357.190887186723
-4349.493086444382
-4341.805159369566
-4334.127108016458
-4326.458934451134
-4318.800640751654
-4311.152229008149
-4303.513701322909
-4295.885059810473
-4288.266306597723
-4280.657443823973
-4273.05847364106
-4265.469398213443
-4257.890219718293
-4250.320940345587
-4242.761562298208
-4235.212087792043
-4227.672519056073
-4220.142858332482
-4212.623107876749
-4205.113269957755
-4197.613346857878
-4190.123340873102
-4182.643254313117
-4175.173089501425
-4167.712848775445
-4160.26253448662
-4152.822149000527
-4145.391694696981
-4137.97117397015
-4130.560589228661
-4123.159942895717
-4115.769237409206
-4108.388475221818
-4101.017658801159
-4093.656790629867
-4086.305873205733
-4078.964909041813
-4071.633900666556
-4064.31285062392
-4057.001761473496
-4049.70063579063
-4042.409476166552
-4035.128285208497
-4027.857065539836
-4020.595819800204
-4013.344550645627
-4006.103260748658
-3998.871952798507
-3991.650629501175
-3984.43929357959
-3977.237947773742
-3970.046594840824
-3962.86523755537
-3955.693878709395
-3948.532521112541
-3941.381167592217
-3934.239820993744
-3927.108484180507
-3919.987160034099
-3912.875851454473
-3905.774561360093
-3898.683292688086
-3891.602048394401
-3884.530831453959
-3877.469644860818
-3870.418491628327
-3863.377374789292
-3856.346297396137
-3849.325262521067
-3842.314273256242
-3835.313332713936
-3828.322444026714
-3821.341610347602
-3814.370834850263
-3807.41012072917
-3800.459471199785
-3793.518889498739
-3786.588378884018
-3779.667942635137
-3772.757584053337
-3765.857306461766
-3758.967113205669
-3752.087007652586
-3745.216993192538
-3738.357073238232
-3731.507251225251
-3724.667530612265
-3717.837914881222
-3711.018407537566
-3704.209012110434
-3697.409732152876
-3690.620571242057
-3683.841532979481
-3677.072620991206
-3670.313838928059
-3663.565190465867
-3656.826679305674
-3650.098309173974
-3643.380083822939
-3636.672007030654
-3629.97408260135
-3623.286314365643
-3616.60870618078
-3609.941261930874
-3603.283985527162
-3596.636880908246
-3589.999952040351
-3583.373202917578
-3576.756637562167
-3570.150260024754
-3563.554074384641
-3556.968084750063
-3550.392295258458
-3543.826710076745
-3537.2713334016
-3530.726169459739
-3524.191222508205
-3517.666496834652
-3511.151996757644
-3504.647726626946
-3498.153690823826
-3491.669893761356
-3485.196339884723
-3478.733033671537
-3472.27997963215
-3465.837182309968
-3459.404646281781
-3452.982376158086
-3446.570376583421
-3440.168652236698
-3433.777207831544
-3427.396048116648
-3421.025177876102
-3414.664601929764
-3408.314325133608
-3401.974352380089
-3395.644688598512
-3389.325338755402
-3383.01630785488
-3376.717600939048
-3370.429223088373
-3364.15117942208
-3357.883475098548
-3351.626115315718
-3345.379105311492
-3339.142450364154
-3332.916155792786
-3326.700226957693
-3320.494669260834
-3314.299488146259
-3308.114689100548
-3301.940277653264
-3295.776259377407
-3289.62263988987
-3283.479424851913
-3277.346619969633
-3271.224230994445
-3265.11226372357
-3259.01072400053
-3252.919617715646
-3246.83895080655
-3240.768729258697
-3234.708959105891
-3228.659646430812
-3222.620797365557
-3216.592418092186
-3210.574514843271
-3204.567093902463
-3198.57016160506
-3192.583724338584
-3186.607788543369
-3180.642360713158
-3174.687447395703
-3168.743055193385
-3162.809190763828
-3156.885860820538
-3150.973072133541
-3145.070831530035
-3139.179145895048
-3133.298022172114
-3127.427467363952
-3121.567488533154
-3115.718092802894
-3109.879287357635
-3104.051079443858
-3098.233476370793
-3092.426485511171
-3086.63011430198
-3080.844370245234
-3075.06926090876
-3069.30479392699
-3063.550977001773
-3057.80781790319
-3052.075324470395
-3046.353504612459
-3040.642366309232
-3034.941917612218
-3029.252166645467
-3023.573121606478
-3017.904790767119
-3012.247182474561
-3006.60030515223
-3000.96416730077
-2995.33877749903
-2989.724144405057
-2984.120276757118
-2978.52718337473
-2972.944873159708
-2967.373355097242
-2961.812638256974
-2956.262731794112
-2950.723644950552
-2945.195387056021
-2939.677967529248
-2934.171395879142
-2928.675681706004
-2923.190834702752
-2917.716864656174
-2912.253781448194
-2906.801595057175
-2901.360315559231
-2895.929953129576
-2890.510518043883
-2885.102020679684
-2879.704471517783
-2874.317881143702
-2868.942260249153
-2863.577619633534
-2858.223970205457
-2852.881322984305
-2847.549689101814
-2842.229079803691
-2836.91950645126
-2831.620980523138
-2826.333513616947
-2821.057117451058
-2815.791803866369
-2810.537584828114
-2805.294472427719
-2800.062478884678
-2794.841616548485
-2789.631897900587
-2784.433335556391
-2779.245942267303
-2774.069730922811
-2768.90471455261
-2763.750906328773
-2758.608319567964
-2753.476967733699
-2748.356864438654
-2743.248023447017
-2738.150458676901
-2733.064184202794
-2727.989214258073
-2722.925563237566
-2717.873245700169
-2712.832276371524
-2707.802670146752
-2702.784442093249
-2697.777607453537
-2692.78218164819
-2687.79818027881
-2682.82561913109
-2677.864514177923
-2672.914881582602
-2667.97673770208
-2663.05009909031
-2658.134982501666
-2653.231404894433
-2648.339383434393
-2643.458935498479
-2638.590078678533
-2633.73283078514
-2628.887209851561
-2624.053234137757
-2619.230922134517
-2614.42029256768
-2609.621364402462
-2604.834156847898
-2600.058689361383
-2595.294981653335
-2590.543053691973
-2585.802925708218
-2581.074618200717
-2576.358151940998
-2571.653547978759
-2566.960827647294
-2562.280012569062
-2557.611124661404
-2552.95418614241
-2548.309219536949
-2543.676247682855
-2539.055293737285
-2534.446381183252
-2529.849533836336
-2525.264775851583
-2520.692131730597
-2516.13162632883
-2511.583284863086
-2507.047132919229
-2502.523196460123
-2498.011501833796
-2493.512075781848
-2489.024945448107
-2484.550138387535
-2480.08768257541
-2475.63760641678
-2471.19993875621
-2466.774708887818
-2462.361946565634
-2457.961682014271
-2453.573945939943
-2449.198769541817
-2444.836184523744
-2440.486223106357
-2436.148918039567
-2431.824302615467
-2427.512410681665
-2423.213276655059
-2418.926935536077
-2414.653422923401
-2410.392775029193
-2406.145028694851
-2401.910221407312
-2397.688391315929
-2393.47957724995
-2389.28381873662
-2385.101156019944
-2380.931630080128
-2376.775282653749
-2372.632156254664
-2368.502294195717
-2364.385740611263
-2360.282540480563
-2356.192739652086
-2352.116384868758
-2348.053523794218
-2344.004205040124
-2339.968478194554
-2335.946393851587
-2331.938003642088
-2327.94336026579
-2323.96251752473
-2319.995530358112
-2316.042454878679
-2312.103348410678
-2308.178269529494
-2304.267278103074
-2300.370435335212
-2296.487803810831
-2292.619447543359
-2288.765432024334
-2284.925824275372
-2281.100692902632
-2277.290108153952
-2273.494141978802
-2269.71286809124
-2265.946362036078
-2262.194701258444
-2258.457965176978
-2254.736235260907
-2251.02959511126
-2247.338130546498
-2243.661929692891
-2240.001083079959
-2236.355683741347
-2232.725827321543
-2229.111612188859
-2225.513139555156
-2221.930513602836
-2218.363841619654
-2214.813234141987
-2211.278805107236
-2207.760672016105
-2204.258956105604
-2200.773782533657
-2197.305280576357
-2193.853583838959
-2190.418830481854
-2187.001163462914
-2183.600730797713
-2180.217685839356
-2176.852187579814
-2173.50440097491
-2170.174497295352
-2166.862654506539
-2163.569057680171
-2160.293899441138
-2157.037380453615
-2153.799709950813
-2150.581106313498
-2147.381797703119
-2144.202022756244
-2141.042031348042
-2137.902085433767
-2134.782459978634
-2131.683443988214
-2128.605341653546
-2125.54847362769
-2122.513178453459
-2119.499814165824
-2116.508760097025
-2113.5404189181
-2110.595218957575
-2107.673616846915
-2104.776100553498
-2101.90319287619
-2099.055455496977
-2096.233493706051
-2093.437961949259
-2090.669570388766
-2087.92909272437
-2085.217375600258
-2082.535350030036
-2079.884045423022
-2077.264607024769
-2074.678317859583
-2072.126626983488
-2069.611185558208
-2067.133898255533
-2064.696978561065
-2062.30309034677
-2059.955287015781
-2057.658012660034
-2055.414368200017
-2053.238243221647
-2051.114051507603
-2049.14142439527
-2047.08239341236
-2045.686333953756
-2043.224421242162
-2042.788069127551
-2039.281169078016
-2039.225046111104
-2035.084474776697
-2035.079540666987
-2030.634955216403
-2030.634597892264
-2025.974564417799
-2025.974541957772
-2021.136065123843
-2021.136063866766
-2016.141959806454
-2016.141959742805
-2011.008410199184
-2011.008410196236
-2005.747643633148
-2005.747643633022
-2000.369285245302
-2000.369285245297
-1994.881141082923
-1994.881141082923
-1989.289689926486
-1989.289689926486
-1983.600409101018
-1983.600409101018
-1977.81799963692
-1977.81799963692
-1971.94654729454
-1971.94654729454
-1965.989641029583
-1965.989641029583
-1959.950462250406
-1959.950462250406
-1953.831853451557
-1953.831853451557
-1947.636371925669
-1947.636371925669
-1941.366332448694
-1941.366332448694
-1935.023841664571
-1935.023841664571
-1928.610826118459
-1928.610826118459
-1922.129055358735
-1922.129055358735
-1915.580161160178
-1915.580161160178
-1908.965653660065
-1908.965653660065
-1902.286935011027
-1902.286935011027
-1895.545311016938
-1895.545311016938
-1888.742001115962
-1888.742001115962
-1881.878146998115
-1881.878146998115
-1874.954820086227
-1874.954820086227
-1867.973028064265
-1867.973028064265
-1860.933720602059
-1860.933720602059
-1853.837794398089
-1853.837794398089
-1846.68609764036
-1846.68609764036
-1839.479433968108
-1839.479433968108
-1832.218566003265
-1832.218566003265
-1824.904218509347
-1824.904218509347
-1817.537081226349
-1817.537081226349
-1810.117811422745
-1810.117811422745
-1802.64703619952
-1802.64703619952
-1795.125354576072
-1795.125354576072
-1787.553339383588
-1787.553339383588
-1779.931538987913
-1779.931538987913
-1772.260478860977
-1772.260478860977
-1764.540663017296
-1764.540663017296
-1756.772575329938
-1756.772575329938
-1748.956680738537
-1748.956680738537
-1741.093426360345
-1741.093426360345
-1733.183242514017
-1733.183242514017
-1725.226543664655
-1725.226543664655
-1717.223729297658
-1717.223729297658
-1709.17518472804
-1709.17518472804
-1701.08128185118
-1701.08128185118
-1692.942379840264
-1692.942379840264
-1684.758825795153
-1684.758825795153
-1676.530955346891
-1676.530955346891
-1668.259093221641
-1668.259093221641
-1659.943553767441
-1659.943553767441
-1651.58464144685
-1651.58464144685
-1643.182651298236
-1643.182651298236
-1634.737869368199
-1634.737869368199
-1626.250573117392
-1626.250573117392
-1617.721031801778
-1617.721031801778
-1609.14950683119
-1609.14950683119
-1600.536252106875
-1600.536252106875
-1591.881514339571
-1591.881514339571
-1583.185533349515
-1583.185533349515
-1574.448542349671
-1574.448542349671
-1565.670768213347
-1565.670768213347
-1556.852431727288
-1556.852431727288
-1547.993747831221
-1547.993747831221
-1539.094925844766
-1539.094925844766
-1530.156169682546
-1530.156169682546
-1521.177678058267
-1521.177678058267
-1512.159644678474
-1512.159644678474
-1503.102258426635
-1503.102258426635
-1494.005703538168
-1494.005703538168
-1484.870159766955
-1484.870159766955
-1475.695802543875
-1475.695802543875
-1466.482803127829
-1466.482803127829
-1457.231328749702
-1457.231328749702
-1447.94154274968
-1447.94154274968
-1438.613604708308
-1438.613604708308
-1429.247670571634
-1429.247670571634
-1419.843892770795
-1419.843892770795
-1410.402420336335
-1410.402420336335
-1400.923399007556
-1400.923399007556
-1391.406971337173
-1391.406971337173
-1381.85327679152
-1381.85327679152
-1372.262451846551
-1372.262451846551
-1362.634630079855
-1362.634630079855
-1352.969942258887
-1352.969942258887
-1343.268516425623
-1343.268516425623
-1333.530477977804
-1333.530477977804
-1323.755949746963
-1323.755949746963
-1313.945052073369
-1313.945052073369
-1304.097902878064
-1304.097902878064
-1294.214617732123
-1294.214617732123
-1284.295309923267
-1284.295309923267
-1274.340090519975
-1274.340090519975
-1264.349068433185
-1264.349068433185
-1254.322350475726
-1254.322350475726
-1244.260041419563
-1244.260041419563
-1234.162244050973
-1234.162244050973
-1224.029059223731
-1224.029059223731
-1213.860585910413
-1213.860585910413
-1203.656921251877
-1203.656921251877
-1193.418160605031
-1193.418160605031
-1183.144397588939
-1183.144397588939
-1172.835724129345
-1172.835724129345
-1162.49223050169
-1162.49223050169
-1152.114005372679
-1152.114005372679
-1141.701135840458
-1141.701135840458
-1131.253707473464
-1131.253707473464
-1120.771804348
-1120.771804348
-1110.255509084592
-1110.255509084592
-1099.704902883171
-1099.704902883171
-1089.120065557128
-1089.120065557128
-1078.501075566296
-1078.501075566296
-1067.848010048894
-1067.848010048894
-1057.16094485247
-1057.16094485247
-1046.439954563895
-1046.439954563895
-1035.685112538433
-1035.685112538433
-1024.896490927925
-1024.896490927925
-1014.074160708131
-1014.074160708131
-1003.218191705242
-1003.218191705242
-992.3286526216157
-981.4056110607429
-970.4491335514941
-959.4592855716554
-948.4361315707893
-937.3797349924416
-926.2901582957178
-915.1674629762526
-904.0117095865925
-892.8229577560126
-881.6012662097882
-870.346692787938
-859.059294463459
-847.7391273600691
-836.3862467694746
-825.0007071681784
-813.5825622338441
-802.1318648612305
-790.6486671777113
-779.1330205583927
-767.5849756408423
-756.0045823394419
-744.3918898593761
-732.7469467102677
-721.0698007194723
-709.3604990450415
-697.6190881883658
-685.8456140065065
-674.0401217242267
-662.2026559457302
-650.3332606661175
-638.4319792825667
-626.4988546052488
-614.5339288679833
-602.5372437386447
-590.5088403293238
-578.4487592062534
-566.3570403995052
-554.2337234124621
-542.0788472310756
-529.892450332912
-517.6745706959944
-505.4252458074462
-493.1445126719411
-480.8324078199662
-468.4889673159015
-456.1142267659228
-443.7082213257315
-431.2709857081166
-418.8025541903531
-406.3029606214416
-393.772238429193
-381.2104206271626
-368.6175398214372
-355.9936282172801
-343.3387176256361
-330.6528394695017
-317.936024790163
-305.1883042533051
-292.4097081549963
-279.6002664275501
-266.7600086452679
-253.8889640300664
-240.9871614569912
-228.0546294596204
-215.0913962353608
-202.0974896506386
-189.0729372459887
-176.017766241043
-162.9320035394227
-149.815675733534
-136.6688091092726
-123.491429650636
-110.2835630442489
-97.04523468380169
-83.77646967440415
-70.47729283685784
-57.14772871184746
-43.78780156405397
-30.39753538619099
-16.97695390296622
-3.526080574969764
9.955061397509148
23.46644907073532
37.00805975384906
50.57987100525448
64.18186062907302
77.81400667166092
91.47628741818898
105.1686813892835
118.8911673377267
132.643724245216
146.4263313191798
160.2389679896495
174.0816139061864
187.9542489348616
201.8568531552886
215.7894068577068
229.7518905401161
243.7442849054591
257.7665708588526
271.8187295048654
285.9007421448429
300.0125902742759
314.1542555802146
328.3257199387246
342.526965412387
356.7579742478379
371.0187288733508
385.3092118964567
399.6294061016052
413.9792944478624
428.358860066647
442.7680862595029
457.206956495908
471.675454411118
486.1735638040453
500.7012686351712
515.2585530244917
529.8454012494963
544.4617977431779
559.1077270920745
573.7831740343422
588.4881234578574
603.2225603983493
617.9864700375609
632.7798377014392
647.6026488583524
662.4548891173354
677.3365442263616
692.2476000706415
707.1880426709468
722.1578581819602
737.1570328906503
752.1855532146705
767.2434057007825
782.3305770233028
797.4470539825732
812.5928235034533
827.7678726338354
842.9721885431822
858.2057585210847
873.4685699758425
888.7606104330641
904.081867534288
919.4323290356237
934.8119828064122
950.2208168279065
965.6588191919705
981.1259780997965
996.622281860642