-4.103312
-4.10331196
-4.10331192
-4.10331188
-4.10331184
-4.1033118
-4.10331176
-4.10331172
-4.10331168
-4.10331164
-4.1033116
-4.10331156
-4.10331152
-4.10331148
-4.10331144
-4.1033114
-4.10331136
-4.10331132
-4.10331128
-4.10331124
-4.1033112
-4.10331116
-4.10331112
-4.10331108
-4.10331104
-4.103311
-4.10331096
-4.10331092
-4.10331088
-4.103310841740555
-4.10331084
-4.1033108
-4.10331076
-4.10331072
-4.10331068
-4.10331064
-4.1033106
-4.10331056
-4.10331052
-4.10331048
-4.10331044
-4.1033104
-4.10331036
-4.10331032
-4.10331028
-4.10331024
-4.1033102
-4.10331016
-4.10331012
-4.10331008
-4.10331004
-4.10331